ADC Read (10 bits)
Muestra	 PWM_percent	 ADC
1	 0		 0
2	 0		 0
3	 0		 0
4	 0		 0
5	 0		 0
6	 0		 0
7	 0		 0
8	 0		 0
9	 0		 0
10	 0		 0
11	 0		 0
12	 0		 0
13	 0		 0
14	 0		 0
15	 0		 0
16	 0		 0
17	 0		 0
18	 0		 0
19	 0		 0
20	 0		 0
21	 0		 0
22	 0		 0
23	 0		 0
24	 0		 0
25	 0		 0
26	 0		 0
27	 0		 0
28	 0		 0
29	 0		 0
30	 0		 0
31	 0		 0
32	 0		 0
33	 0		 0
34	 0		 0
35	 0		 0
36	 0		 0
37	 0		 0
38	 0		 0
39	 0		 0
40	 0		 0
41	 0		 0
42	 0		 0
43	 0		 0
44	 0		 0
45	 0		 0
46	 0		 0
47	 0		 0
48	 0		 0
49	 0		 0
50	 0		 0
51	 0		 0
52	 0		 0
53	 0		 0
54	 0		 0
55	 0		 0
56	 0		 0
57	 0		 0
58	 0		 0
59	 0		 0
60	 0		 0
61	 0		 0
62	 0		 0
63	 0		 0
64	 0		 0
65	 0		 0
66	 0		 0
67	 0		 0
68	 0		 0
69	 0		 0
70	 0		 0
71	 0		 0
72	 0		 0
73	 0		 0
74	 0		 0
75	 0		 0
76	 0		 0
77	 0		 0
78	 0		 0
79	 0		 0
80	 0		 0
81	 0		 0
82	 0		 0
83	 0		 0
84	 0		 0
85	 0		 0
86	 0		 0
87	 0		 0
88	 0		 0
89	 0		 0
90	 0		 0
91	 0		 0
92	 0		 0
93	 0		 0
94	 0		 0
95	 0		 0
96	 0		 0
97	 0		 0
98	 0		 0
99	 0		 0
100	 0		 0
101	 0		 0
102	 0		 0
103	 0		 0
104	 0		 0
105	 0		 0
106	 0		 0
107	 0		 0
108	 0		 0
109	 0		 0
110	 0		 0
111	 0		 0
112	 0		 0
113	 0		 0
114	 0		 0
115	 0		 0
116	 0		 0
117	 0		 0
118	 0		 0
119	 0		 0
120	 0		 0
121	 0		 0
122	 0		 0
123	 0		 0
124	 0		 0
125	 0		 0
126	 0		 0
127	 0		 0
128	 0		 0
129	 0		 0
130	 0		 0
131	 0		 0
132	 0		 0
133	 0		 0
134	 0		 0
135	 0		 0
136	 0		 0
137	 0		 0
138	 0		 0
139	 0		 0
140	 0		 0
141	 0		 0
142	 0		 0
143	 0		 0
144	 0		 0
145	 0		 0
146	 0		 0
147	 0		 0
148	 0		 0
149	 0		 0
150	 0		 0
151	 0		 0
152	 0		 0
153	 0		 0
154	 0		 0
155	 0		 0
156	 0		 0
157	 0		 0
158	 0		 0
159	 0		 0
160	 0		 0
161	 0		 0
162	 0		 0
163	 0		 0
164	 0		 0
165	 0		 0
166	 0		 0
167	 0		 0
168	 0		 0
169	 0		 0
170	 0		 0
171	 0		 0
172	 0		 0
173	 0		 0
174	 0		 0
175	 0		 0
176	 0		 0
177	 0		 0
178	 0		 0
179	 0		 0
180	 0		 0
181	 0		 0
182	 0		 0
183	 0		 0
184	 0		 0
185	 0		 0
186	 0		 0
187	 0		 0
188	 0		 0
189	 0		 0
190	 0		 0
191	 0		 0
192	 0		 0
193	 0		 0
194	 0		 0
195	 0		 0
196	 0		 0
197	 0		 0
198	 0		 0
199	 0		 0
200	 0		 0
201	 0		 0
202	 0		 0
203	 0		 0
204	 0		 0
205	 0		 0
206	 0		 0
207	 0		 0
208	 0		 0
209	 0		 0
210	 0		 0
211	 0		 0
212	 0		 0
213	 0		 0
214	 0		 0
215	 0		 0
216	 0		 0
217	 0		 0
218	 0		 0
219	 0		 0
220	 0		 0
221	 0		 0
222	 0		 0
223	 0		 0
224	 0		 0
225	 0		 0
226	 0		 0
227	 0		 0
228	 0		 0
229	 0		 0
230	 0		 0
231	 0		 0
232	 0		 0
233	 0		 0
234	 0		 0
235	 0		 0
236	 0		 0
237	 0		 0
238	 0		 0
239	 0		 0
240	 0		 0
241	 0		 0
242	 0		 0
243	 0		 0
244	 0		 0
245	 0		 0
246	 0		 0
247	 0		 0
248	 0		 0
249	 0		 0
250	 0		 0
251	 0		 0
252	 0		 0
253	 0		 0
254	 0		 0
255	 0		 0
256	 0		 0
257	 0		 0
258	 0		 0
259	 0		 0
260	 0		 0
261	 0		 0
262	 0		 0
263	 0		 0
264	 0		 0
265	 0		 0
266	 0		 0
267	 0		 0
268	 0		 0
269	 0		 0
270	 0		 0
271	 0		 0
272	 0		 0
273	 0		 0
274	 0		 0
275	 0		 0
276	 0		 0
277	 0		 0
278	 0		 0
279	 0		 0
280	 0		 0
281	 0		 0
282	 0		 0
283	 0		 0
284	 0		 0
285	 0		 0
286	 0		 0
287	 0		 0
288	 0		 0
289	 0		 0
290	 0		 0
291	 0		 0
292	 0		 0
293	 0		 0
294	 0		 0
295	 0		 0
296	 0		 0
297	 0		 0
298	 0		 0
299	 0		 0
300	 0		 0
301	 0		 0
302	 50		 0
303	 50		 0
304	 50		 2
305	 50		 14
306	 50		 33
307	 50		 50
308	 50		 61
309	 50		 69
310	 50		 74
311	 50		 82
312	 50		 91
313	 50		 103
314	 50		 110
315	 50		 103
316	 50		 103
317	 50		 111
318	 50		 115
319	 50		 121
320	 50		 128
321	 50		 136
322	 50		 151
323	 50		 186
324	 50		 179
325	 50		 202
326	 50		 213
327	 50		 225
328	 50		 235
329	 50		 247
330	 50		 255
331	 50		 266
332	 50		 273
333	 50		 282
334	 50		 284
335	 50		 285
336	 50		 281
337	 50		 275
338	 50		 264
339	 50		 249
340	 50		 231
341	 50		 222
342	 50		 225
343	 50		 233
344	 50		 330
345	 50		 336
346	 50		 350
347	 50		 386
348	 50		 395
349	 50		 400
350	 50		 404
351	 50		 404
352	 50		 400
353	 50		 392
354	 50		 373
355	 50		 340
356	 50		 285
357	 50		 289
358	 50		 293
359	 50		 353
360	 50		 434
361	 50		 419
362	 50		 420
363	 50		 439
364	 50		 443
365	 50		 435
366	 50		 421
367	 50		 396
368	 50		 359
369	 50		 312
370	 50		 304
371	 50		 347
372	 50		 421
373	 50		 461
374	 50		 490
375	 50		 505
376	 50		 514
377	 50		 518
378	 50		 513
379	 50		 494
380	 50		 447
381	 50		 348
382	 50		 349
383	 50		 369
384	 50		 455
385	 50		 489
386	 50		 509
387	 50		 523
388	 50		 519
389	 50		 507
390	 50		 482
391	 50		 449
392	 50		 395
393	 50		 354
394	 50		 373
395	 50		 500
396	 50		 561
397	 50		 588
398	 50		 597
399	 50		 598
400	 50		 584
401	 50		 548
402	 50		 480
403	 50		 392
404	 50		 400
405	 50		 489
406	 50		 537
407	 50		 560
408	 50		 571
409	 50		 574
410	 50		 563
411	 50		 533
412	 50		 467
413	 50		 388
414	 50		 396
415	 50		 517
416	 50		 577
417	 50		 615
418	 50		 649
419	 50		 651
420	 50		 626
421	 50		 585
422	 50		 445
423	 50		 426
424	 50		 436
425	 50		 587
426	 50		 637
427	 50		 629
428	 50		 621
429	 50		 612
430	 50		 566
431	 50		 515
432	 50		 453
433	 50		 419
434	 50		 503
435	 50		 610
436	 50		 611
437	 50		 610
438	 50		 613
439	 50		 593
440	 50		 552
441	 50		 447
442	 50		 455
443	 50		 509
444	 50		 567
445	 50		 585
446	 50		 613
447	 50		 649
448	 50		 617
449	 50		 584
450	 50		 439
451	 50		 445
452	 50		 631
453	 50		 641
454	 50		 632
455	 50		 627
456	 50		 619
457	 50		 585
458	 50		 471
459	 50		 461
460	 50		 473
461	 50		 497
462	 50		 523
463	 50		 545
464	 50		 559
465	 50		 560
466	 50		 446
467	 50		 429
468	 50		 471
469	 50		 541
470	 50		 605
471	 50		 650
472	 50		 675
473	 50		 677
474	 50		 469
475	 50		 469
476	 50		 483
477	 50		 514
478	 50		 545
479	 50		 565
480	 50		 573
481	 50		 560
482	 50		 515
483	 50		 425
484	 50		 433
485	 50		 473
486	 50		 517
487	 50		 554
488	 50		 581
489	 50		 593
490	 50		 446
491	 50		 455
492	 50		 499
493	 50		 563
494	 50		 617
495	 50		 656
496	 50		 667
497	 50		 660
498	 50		 457
499	 50		 461
500	 50		 497
501	 50		 551
502	 50		 594
503	 50		 619
504	 50		 624
505	 50		 469
506	 50		 477
507	 50		 477
508	 50		 504
509	 50		 537
510	 50		 565
511	 50		 587
512	 50		 592
513	 50		 449
514	 50		 461
515	 50		 525
516	 50		 608
517	 50		 675
518	 50		 716
519	 50		 733
520	 50		 511
521	 50		 507
522	 50		 520
523	 50		 557
524	 50		 590
525	 50		 611
526	 50		 613
527	 50		 587
528	 50		 455
529	 50		 452
530	 50		 488
531	 50		 537
532	 50		 580
533	 50		 615
534	 50		 631
535	 50		 471
536	 50		 483
537	 50		 541
538	 50		 613
539	 50		 671
540	 50		 704
541	 50		 710
542	 50		 686
543	 50		 488
544	 50		 512
545	 50		 569
546	 50		 621
547	 50		 652
548	 50		 657
549	 50		 497
550	 50		 498
551	 50		 505
552	 50		 537
553	 50		 573
554	 50		 603
555	 50		 619
556	 50		 613
557	 50		 472
558	 50		 521
559	 50		 611
560	 50		 692
561	 50		 745
562	 50		 769
563	 50		 537
564	 50		 532
565	 50		 549
566	 50		 589
567	 50		 625
568	 50		 642
569	 50		 637
570	 50		 584
571	 50		 473
572	 50		 482
573	 50		 533
574	 50		 583
575	 50		 626
576	 50		 650
577	 50		 493
578	 50		 496
579	 50		 551
580	 50		 631
581	 50		 695
582	 50		 732
583	 50		 739
584	 50		 709
585	 50		 511
586	 50		 545
587	 50		 609
588	 50		 658
589	 50		 685
590	 50		 672
591	 50		 520
592	 50		 513
593	 50		 539
594	 50		 577
595	 50		 614
596	 50		 637
597	 50		 637
598	 50		 486
599	 50		 525
600	 50		 619
601	 50		 709
602	 50		 769
603	 50		 793
604	 50		 552
605	 50		 552
606	 50		 571
607	 50		 615
608	 50		 649
609	 50		 665
610	 50		 649
611	 50		 487
612	 50		 483
613	 50		 517
614	 50		 572
615	 50		 624
616	 50		 659
617	 50		 672
618	 50		 501
619	 50		 541
620	 50		 621
621	 50		 699
622	 50		 747
623	 50		 763
624	 50		 740
625	 50		 525
626	 50		 556
627	 50		 622
628	 50		 673
629	 50		 701
630	 50		 689
631	 50		 533
632	 50		 528
633	 50		 557
634	 50		 597
635	 50		 635
636	 50		 656
637	 50		 649
638	 50		 501
639	 50		 566
640	 50		 669
641	 50		 756
642	 50		 804
643	 50		 812
644	 50		 561
645	 50		 571
646	 50		 609
647	 50		 653
648	 50		 678
649	 50		 675
650	 50		 568
651	 50		 499
652	 50		 516
653	 50		 572
654	 50		 626
655	 50		 667
656	 50		 685
657	 50		 509
658	 50		 546
659	 50		 630
660	 50		 710
661	 50		 763
662	 50		 779
663	 50		 754
664	 50		 538
665	 50		 576
666	 50		 643
667	 50		 696
668	 50		 720
669	 50		 694
670	 50		 544
671	 50		 541
672	 50		 579
673	 50		 621
674	 50		 656
675	 50		 668
676	 50		 499
677	 50		 529
678	 50		 624
679	 50		 728
680	 50		 800
681	 50		 832
682	 50		 575
683	 50		 577
684	 50		 605
685	 50		 651
686	 50		 685
687	 50		 694
688	 50		 661
689	 50		 512
690	 50		 513
691	 50		 568
692	 50		 627
693	 50		 673
694	 50		 696
695	 50		 515
696	 50		 548
697	 50		 633
698	 50		 720
699	 50		 774
700	 50		 793
701	 50		 769
702	 50		 549
703	 50		 592
704	 50		 660
705	 50		 712
706	 50		 729
707	 50		 539
708	 50		 549
709	 50		 556
710	 50		 599
711	 50		 641
712	 50		 672
713	 50		 677
714	 50		 513
715	 50		 563
716	 50		 673
717	 50		 769
718	 50		 829
719	 50		 843
720	 50		 582
721	 50		 594
722	 50		 637
723	 50		 682
724	 50		 705
725	 50		 691
726	 50		 519
727	 50		 509
728	 50		 552
729	 50		 613
730	 50		 669
731	 50		 701
732	 50		 517
733	 50		 539
734	 50		 617
735	 50		 709
736	 50		 777
737	 50		 807
738	 50		 789
739	 50		 555
740	 50		 588
741	 50		 660
742	 50		 716
743	 50		 741
744	 50		 539
745	 50		 558
746	 50		 560
747	 50		 601
748	 50		 646
749	 50		 680
750	 50		 684
751	 50		 517
752	 50		 573
753	 50		 685
754	 50		 785
755	 50		 841
756	 50		 852
757	 50		 590
758	 50		 605
759	 50		 652
760	 50		 696
761	 50		 713
762	 50		 693
763	 50		 523
764	 50		 512
765	 50		 567
766	 50		 631
767	 50		 682
768	 50		 709
769	 50		 525
770	 50		 561
771	 50		 652
772	 50		 741
773	 50		 797
774	 50		 811
775	 50		 557
776	 50		 563
777	 50		 624
778	 50		 695
779	 50		 739
780	 50		 744
781	 50		 566
782	 50		 557
783	 50		 585
784	 50		 632
785	 50		 672
786	 50		 693
787	 50		 521
788	 50		 541
789	 50		 643
790	 50		 754
791	 50		 829
792	 50		 864
793	 50		 593
794	 50		 603
795	 50		 641
796	 50		 689
797	 50		 717
798	 50		 713
799	 50		 531
800	 50		 512
801	 50		 553
802	 50		 618
803	 50		 677
804	 50		 712
805	 50		 523
806	 50		 550
807	 50		 635
808	 50		 730
809	 50		 797
810	 50		 819
811	 50		 795
812	 50		 568
813	 50		 619
814	 50		 691
815	 50		 742
816	 50		 754
817	 50		 569
818	 50		 563
819	 50		 586
820	 50		 633
821	 50		 675
822	 50		 699
823	 50		 561
824	 50		 544
825	 50		 643
826	 50		 759
827	 50		 837
828	 50		 869
829	 50		 597
830	 50		 609
831	 50		 648
832	 50		 697
833	 50		 725
834	 50		 715
835	 50		 530
836	 50		 515
837	 50		 564
838	 50		 630
839	 50		 685
840	 50		 717
841	 50		 529
842	 50		 563
843	 50		 656
844	 50		 749
845	 50		 809
846	 50		 825
847	 50		 563
848	 50		 574
849	 50		 641
850	 50		 711
851	 50		 754
852	 50		 753
853	 50		 576
854	 50		 566
855	 50		 603
856	 50		 651
857	 50		 689
858	 50		 705
859	 50		 528
860	 50		 573
861	 50		 689
862	 50		 797
863	 50		 859
864	 50		 875
865	 50		 605
866	 50		 621
867	 50		 672
868	 50		 716
869	 50		 731
870	 50		 702
871	 50		 536
872	 50		 533
873	 50		 595
874	 50		 659
875	 50		 708
876	 50		 723
877	 50		 541
878	 50		 606
879	 50		 707
880	 50		 789
881	 50		 829
882	 50		 820
883	 50		 571
884	 50		 608
885	 50		 683
886	 50		 741
887	 50		 765
888	 50		 569
889	 50		 576
890	 50		 587
891	 50		 633
892	 50		 679
893	 50		 705
894	 50		 699
895	 50		 545
896	 50		 645
897	 50		 765
898	 50		 848
899	 50		 881
900	 50		 605
901	 50		 616
902	 50		 657
903	 50		 707
904	 50		 736
905	 50		 721
906	 50		 537
907	 50		 524
908	 50		 579
909	 50		 648
910	 50		 701
911	 50		 728
912	 50		 538
913	 50		 587
914	 50		 689
915	 50		 777
916	 50		 827
917	 50		 832
918	 50		 577
919	 50		 597
920	 50		 673
921	 50		 741
922	 50		 769
923	 50		 505
924	 50		 577
925	 50		 583
926	 50		 629
927	 50		 677
928	 50		 707
929	 50		 705
930	 50		 544
931	 50		 634
932	 50		 756
933	 50		 843
934	 50		 883
935	 50		 609
936	 50		 619
937	 50		 657
938	 50		 710
939	 50		 739
940	 50		 729
941	 50		 537
942	 50		 523
943	 50		 577
944	 50		 645
945	 50		 701
946	 50		 731
947	 50		 539
948	 50		 586
949	 50		 689
950	 50		 779
951	 50		 832
952	 50		 835
953	 50		 578
954	 50		 601
955	 50		 677
956	 50		 743
957	 50		 773
958	 50		 544
959	 50		 580
960	 50		 587
961	 50		 634
962	 50		 681
963	 50		 711
964	 50		 705
965	 50		 547
966	 50		 645
967	 50		 767
968	 50		 853
969	 50		 889
970	 50		 609
971	 50		 624
972	 50		 667
973	 50		 716
974	 50		 739
975	 50		 725
976	 50		 543
977	 50		 530
978	 50		 589
979	 50		 659
980	 50		 712
981	 50		 736
982	 50		 545
983	 50		 605
984	 50		 710
985	 50		 796
986	 50		 839
987	 50		 833
988	 50		 579
989	 50		 619
990	 50		 696
991	 50		 755
992	 50		 777
993	 50		 581
994	 50		 578
995	 50		 600
996	 50		 649
997	 50		 693
998	 50		 716
999	 50		 532
1000	 50		 567
1001	 50		 682
1002	 50		 800
1003	 50		 871
1004	 50		 889
1005	 50		 616
1006	 50		 633
1007	 50		 685
1008	 50		 731
1009	 50		 746
1010	 50		 712
1011	 50		 544
1012	 50		 545
1013	 50		 613
1014	 50		 679
1015	 50		 725
1016	 50		 731
1017	 50		 557
1018	 50		 641
1019	 50		 745
1020	 50		 819
1021	 50		 845
1022	 50		 596
1023	 50		 585
1024	 50		 649
1025	 50		 723
1026	 50		 771
1027	 50		 771
1028	 50		 587
1029	 50		 579
1030	 50		 619
1031	 50		 672
1032	 50		 706
1033	 50		 715
1034	 50		 538
1035	 50		 608
1036	 50		 736
1037	 50		 836
1038	 50		 888
1039	 50		 720
1040	 50		 621
1041	 50		 656
1042	 50		 709
1043	 50		 743
1044	 50		 739
1045	 50		 518
1046	 50		 525
1047	 50		 576
1048	 50		 645
1049	 50		 704
1050	 50		 737
1051	 50		 541
1052	 50		 587
1053	 50		 692
1054	 50		 785
1055	 50		 839
1056	 50		 841
1057	 50		 585
1058	 50		 609
1059	 50		 688
1060	 50		 753
1061	 50		 781
1062	 50		 576
1063	 50		 587
1064	 50		 597
1065	 50		 645
1066	 50		 689
1067	 50		 717
1068	 50		 557
1069	 50		 561
1070	 50		 672
1071	 50		 793
1072	 50		 872
1073	 50		 898
1074	 50		 617
1075	 50		 633
1076	 50		 685
1077	 50		 733
1078	 50		 749
1079	 50		 717
1080	 50		 547
1081	 50		 549
1082	 50		 617
1083	 50		 683
1084	 50		 729
1085	 50		 620
1086	 50		 561
1087	 50		 646
1088	 50		 752
1089	 50		 824
1090	 50		 850
1091	 50		 587
1092	 50		 589
1093	 50		 657
1094	 50		 733
1095	 50		 776
1096	 50		 771
1097	 50		 589
1098	 50		 582
1099	 50		 627
1100	 50		 677
1101	 50		 713
1102	 50		 720
1103	 50		 544
1104	 50		 631
1105	 50		 756
1106	 50		 850
1107	 50		 897
1108	 50		 619
1109	 50		 629
1110	 50		 669
1111	 50		 723
1112	 50		 752
1113	 50		 736
1114	 50		 547
1115	 50		 537
1116	 50		 595
1117	 50		 665
1118	 50		 720
1119	 50		 739
1120	 50		 551
1121	 50		 616
1122	 50		 725
1123	 50		 808
1124	 50		 851
1125	 50		 837
1126	 50		 589
1127	 50		 635
1128	 50		 715
1129	 50		 769
1130	 50		 781
1131	 50		 589
1132	 50		 577
1133	 50		 613
1134	 50		 664
1135	 50		 705
1136	 50		 721
1137	 50		 541
1138	 50		 599
1139	 50		 725
1140	 50		 834
1141	 50		 891
1142	 50		 877
1143	 50		 627
1144	 50		 656
1145	 50		 713
1146	 50		 747
1147	 50		 747
1148	 50		 595
1149	 50		 533
1150	 50		 581
1151	 50		 651
1152	 50		 710
1153	 50		 742
1154	 50		 547
1155	 50		 597
1156	 50		 704
1157	 50		 795
1158	 50		 848
1159	 50		 846
1160	 50		 585
1161	 50		 621
1162	 50		 703
1163	 50		 763
1164	 50		 785
1165	 50		 587
1166	 50		 579
1167	 50		 605
1168	 50		 657
1169	 50		 701
1170	 50		 721
1171	 50		 537
1172	 50		 581
1173	 50		 705
1174	 50		 819
1175	 50		 889
1176	 50		 899
1177	 50		 624
1178	 50		 649
1179	 50		 704
1180	 50		 745
1181	 50		 752
1182	 50		 639
1183	 50		 532
1184	 50		 571
1185	 50		 641
1186	 50		 705
1187	 50		 739
1188	 50		 545
1189	 50		 585
1190	 50		 688
1191	 50		 784
1192	 50		 843
1193	 50		 849
1194	 50		 587
1195	 50		 612
1196	 50		 692
1197	 50		 759
1198	 50		 787
1199	 50		 582
1200	 50		 583
1201	 50		 599
1202	 50		 650
1203	 50		 696
1204	 50		 721
1205	 50		 536
1206	 50		 572
1207	 50		 691
1208	 50		 809
1209	 50		 883
1210	 50		 903
1211	 50		 624
1212	 50		 645
1213	 50		 699
1214	 50		 743
1215	 50		 753
1216	 50		 645
1217	 50		 535
1218	 50		 565
1219	 50		 635
1220	 50		 697
1221	 50		 739
1222	 50		 544
1223	 50		 579
1224	 50		 681
1225	 50		 781
1226	 50		 841
1227	 50		 853
1228	 50		 583
1229	 50		 608
1230	 50		 688
1231	 50		 755
1232	 50		 786
1233	 50		 573
1234	 50		 584
1235	 50		 597
1236	 50		 647
1237	 50		 694
1238	 50		 721
1239	 50		 545
1240	 50		 568
1241	 50		 682
1242	 50		 803
1243	 50		 883
1244	 50		 903
1245	 50		 624
1246	 50		 643
1247	 50		 697
1248	 50		 743
1249	 50		 753
1250	 50		 715
1251	 50		 537
1252	 50		 563
1253	 50		 633
1254	 50		 696
1255	 50		 739
1256	 50		 545
1257	 50		 577
1258	 50		 676
1259	 50		 777
1260	 50		 841
1261	 50		 856
1262	 50		 586
1263	 50		 608
1264	 50		 685
1265	 50		 755
1266	 50		 787
1267	 50		 563
1268	 50		 584
1269	 50		 597
1270	 50		 646
1271	 50		 695
1272	 50		 721
1273	 50		 557
1274	 50		 568
1275	 50		 682
1276	 50		 803
1277	 50		 881
1278	 50		 905
1279	 50		 624
1280	 50		 643
1281	 50		 697
1282	 50		 741
1283	 50		 755
1284	 50		 715
1285	 50		 539
1286	 50		 562
1287	 50		 632
1288	 50		 697
1289	 50		 739
1290	 50		 545
1291	 50		 577
1292	 50		 677
1293	 50		 779
1294	 50		 841
1295	 50		 855
1296	 50		 588
1297	 50		 608
1298	 50		 688
1299	 50		 755
1300	 50		 787
1301	 50		 567
1302	 50		 585
1303	 50		 597
1304	 100		 648
1305	 100		 694
1306	 100		 723
1307	 100		 546
1308	 100		 570
1309	 100		 693
1310	 100		 824
1311	 100		 907
1312	 100		 931
1313	 100		 651
1314	 100		 686
1315	 100		 752
1316	 100		 794
1317	 100		 789
1318	 100		 586
1319	 100		 581
1320	 100		 657
1321	 100		 737
1322	 100		 792
1323	 100		 582
1324	 100		 645
1325	 100		 781
1326	 100		 896
1327	 100		 947
1328	 100		 656
1329	 100		 667
1330	 100		 773
1331	 100		 859
1332	 100		 880
1333	 100		 656
1334	 100		 653
1335	 100		 720
1336	 100		 784
1337	 100		 807
1338	 100		 609
1339	 100		 749
1340	 100		 923
1341	 100		 1023
1342	 100		 721
1343	 100		 745
1344	 100		 819
1345	 100		 881
1346	 100		 881
1347	 100		 651
1348	 100		 659
1349	 100		 755
1350	 100		 837
1351	 100		 675
1352	 100		 669
1353	 100		 824
1354	 100		 963
1355	 100		 1023
1356	 100		 711
1357	 100		 749
1358	 100		 871
1359	 100		 939
1360	 100		 695
1361	 100		 669
1362	 100		 737
1363	 100		 813
1364	 100		 848
1365	 100		 634
1366	 100		 808
1367	 100		 994
1368	 100		 1023
1369	 100		 766
1370	 100		 816
1371	 100		 901
1372	 100		 939
1373	 100		 696
1374	 100		 673
1375	 100		 767
1376	 100		 863
1377	 100		 901
1378	 100		 688
1379	 100		 856
1380	 100		 1008
1381	 100		 1023
1382	 100		 721
1383	 100		 813
1384	 100		 933
1385	 100		 976
1386	 100		 717
1387	 100		 717
1388	 100		 802
1389	 100		 864
1390	 100		 629
1391	 100		 749
1392	 100		 968
1393	 100		 1023
1394	 100		 780
1395	 100		 825
1396	 100		 915
1397	 100		 965
1398	 100		 695
1399	 100		 689
1400	 100		 784
1401	 100		 883
1402	 100		 691
1403	 100		 715
1404	 100		 897
1405	 100		 1023
1406	 100		 1023
1407	 100		 745
1408	 100		 871
1409	 100		 981
1410	 100		 561
1411	 100		 703
1412	 100		 763
1413	 100		 848
1414	 100		 889
1415	 100		 670
1416	 100		 873
1417	 100		 1023
1418	 100		 1023
1419	 100		 816
1420	 100		 895
1421	 100		 972
1422	 100		 960
1423	 100		 697
1424	 100		 765
1425	 100		 875
1426	 100		 939
1427	 100		 697
1428	 100		 869
1429	 100		 1023
1430	 100		 1023
1431	 100		 752
1432	 100		 864
1433	 100		 983
1434	 100		 1001
1435	 100		 713
1436	 100		 765
1437	 100		 853
1438	 100		 897
1439	 100		 675
1440	 100		 885
1441	 100		 1023
1442	 100		 1023
1443	 100		 829
1444	 100		 909
1445	 100		 987
1446	 100		 961
1447	 100		 701
1448	 100		 787
1449	 100		 897
1450	 100		 944
1451	 100		 721
1452	 100		 913
1453	 100		 1023
1454	 100		 1023
1455	 100		 769
1456	 100		 905
1457	 100		 1009
1458	 100		 747
1459	 100		 722
1460	 100		 800
1461	 100		 881
1462	 100		 633
1463	 100		 731
1464	 100		 968
1465	 100		 1023
1466	 100		 807
1467	 100		 855
1468	 100		 951
1469	 100		 1001
1470	 100		 729
1471	 100		 725
1472	 100		 837
1473	 100		 931
1474	 100		 672
1475	 100		 800
1476	 100		 997
1477	 100		 1023
1478	 100		 778
1479	 100		 829
1480	 100		 971
1481	 100		 1023
1482	 100		 749
1483	 100		 755
1484	 100		 848
1485	 100		 906
1486	 100		 665
1487	 100		 857
1488	 100		 1023
1489	 100		 1023
1490	 100		 832
1491	 100		 913
1492	 100		 996
1493	 100		 977
1494	 100		 707
1495	 100		 787
1496	 100		 901
1497	 100		 949
1498	 100		 729
1499	 100		 925
1500	 100		 1023
1501	 100		 1023
1502	 100		 781
1503	 100		 923
1504	 100		 1023
1505	 100		 755
1506	 100		 736
1507	 100		 819
1508	 100		 899
1509	 100		 645
1510	 100		 777
1511	 100		 1016
1512	 100		 1023
1513	 100		 821
1514	 100		 881
1515	 100		 981
1516	 100		 1003
1517	 100		 727
1518	 100		 755
1519	 100		 869
1520	 100		 951
1521	 100		 699
1522	 100		 865
1523	 100		 1023
1524	 100		 1023
1525	 100		 763
1526	 100		 885
1527	 100		 1009
1528	 100		 699
1529	 100		 731
1530	 100		 797
1531	 100		 885
1532	 100		 721
1533	 100		 725
1534	 100		 963
1535	 100		 1023
1536	 100		 813
1537	 100		 861
1538	 100		 961
1539	 100		 1011
1540	 100		 735
1541	 100		 733
1542	 100		 849
1543	 100		 945
1544	 100		 682
1545	 100		 824
1546	 100		 1021
1547	 100		 1023
1548	 100		 779
1549	 100		 856
1550	 100		 993
1551	 100		 1023
1552	 100		 737
1553	 100		 777
1554	 100		 872
1555	 100		 915
1556	 100		 693
1557	 100		 919
1558	 100		 1023
1559	 100		 960
1560	 100		 851
1561	 100		 945
1562	 100		 1012
1563	 100		 731
1564	 100		 721
1565	 100		 829
1566	 100		 933
1567	 100		 673
1568	 100		 792
1569	 100		 995
1570	 100		 1023
1571	 100		 777
1572	 100		 833
1573	 100		 979
1574	 100		 1023
1575	 100		 757
1576	 100		 767
1577	 100		 861
1578	 100		 916
1579	 100		 677
1580	 100		 883
1581	 100		 1023
1582	 100		 1023
1583	 100		 848
1584	 100		 933
1585	 100		 1009
1586	 100		 704
1587	 100		 715
1588	 100		 816
1589	 100		 925
1590	 100		 665
1591	 100		 769
1592	 100		 976
1593	 100		 1023
1594	 100		 769
1595	 100		 817
1596	 100		 965
1597	 100		 1023
1598	 100		 760
1599	 100		 756
1600	 100		 849
1601	 100		 915
1602	 100		 669
1603	 100		 859
1604	 100		 1023
1605	 100		 1023
1606	 100		 840
1607	 100		 923
1608	 100		 1008
1609	 100		 981
1610	 100		 713
1611	 100		 803
1612	 100		 915
1613	 100		 672
1614	 100		 752
1615	 100		 957
1616	 100		 1023
1617	 100		 789
1618	 100		 805
1619	 100		 953
1620	 100		 1023
1621	 100		 759
1622	 100		 753
1623	 100		 843
1624	 100		 915
1625	 100		 663
1626	 100		 838
1627	 100		 1023
1628	 100		 1023
1629	 100		 835
1630	 100		 915
1631	 100		 1003
1632	 100		 989
1633	 100		 713
1634	 100		 795
1635	 100		 909
1636	 100		 960
1637	 100		 739
1638	 100		 939
1639	 100		 1023
1640	 100		 800
1641	 100		 797
1642	 100		 944
1643	 100		 1023
1644	 100		 765
1645	 100		 745
1646	 100		 835
1647	 100		 909
1648	 100		 656
1649	 100		 819
1650	 100		 1023
1651	 100		 1023
1652	 100		 833
1653	 100		 912
1654	 100		 1001
1655	 100		 997
1656	 100		 715
1657	 100		 787
1658	 100		 901
1659	 100		 960
1660	 100		 729
1661	 100		 928
1662	 100		 1023
1663	 100		 1023
1664	 100		 789
1665	 100		 933
1666	 100		 1023
1667	 100		 761
1668	 100		 744
1669	 100		 833
1670	 100		 909
1671	 100		 658
1672	 100		 807
1673	 100		 1023
1674	 100		 1023
1675	 100		 832
1676	 100		 901
1677	 100		 997
1678	 100		 1000
1679	 100		 720
1680	 100		 781
1681	 100		 897
1682	 100		 960
1683	 100		 723
1684	 100		 919
1685	 100		 1023
1686	 100		 1023
1687	 100		 784
1688	 100		 928
1689	 100		 1023
1690	 100		 761
1691	 100		 741
1692	 100		 828
1693	 100		 906
1694	 100		 653
1695	 100		 793
1696	 100		 1023
1697	 100		 1023
1698	 100		 829
1699	 100		 897
1700	 100		 993
1701	 100		 1005
1702	 100		 723
1703	 100		 776
1704	 100		 893
1705	 100		 960
1706	 100		 717
1707	 100		 907
1708	 100		 1023
1709	 100		 1023
1710	 100		 778
1711	 100		 921
1712	 100		 1023
1713	 100		 760
1714	 100		 739
1715	 100		 824
1716	 100		 904
1717	 100		 651
1718	 100		 784
1719	 100		 1023
1720	 100		 1023
1721	 100		 827
1722	 100		 893
1723	 100		 992
1724	 100		 1008
1725	 100		 733
1726	 100		 771
1727	 100		 889
1728	 100		 960
1729	 100		 712
1730	 100		 899
1731	 100		 1023
1732	 100		 1023
1733	 100		 776
1734	 100		 915
1735	 100		 1023
1736	 100		 755
1737	 100		 739
1738	 100		 821
1739	 100		 901
1740	 100		 645
1741	 100		 775
1742	 100		 1017
1743	 100		 1023
1744	 100		 825
1745	 100		 889
1746	 100		 985
1747	 100		 1011
1748	 100		 739
1749	 100		 768
1750	 100		 885
1751	 100		 960
1752	 100		 707
1753	 100		 891
1754	 100		 1023
1755	 100		 1023
1756	 100		 775
1757	 100		 909
1758	 100		 1023
1759	 100		 755
1760	 100		 736
1761	 100		 816
1762	 100		 901
1763	 100		 651
1764	 100		 768
1765	 100		 1011
1766	 100		 1023
1767	 100		 824
1768	 100		 885
1769	 100		 985
1770	 100		 1009
1771	 100		 731
1772	 100		 763
1773	 100		 881
1774	 100		 957
1775	 100		 707
1776	 100		 883
1777	 100		 1023
1778	 100		 1023
1779	 100		 771
1780	 100		 907
1781	 100		 1023
1782	 100		 744
1783	 100		 739
1784	 100		 816
1785	 100		 899
1786	 100		 645
1787	 100		 759
1788	 100		 1003
1789	 100		 1023
1790	 100		 824
1791	 100		 881
1792	 100		 981
1793	 100		 1009
1794	 100		 741
1795	 100		 759
1796	 100		 879
1797	 100		 955
1798	 100		 701
1799	 100		 875
1800	 100		 1023
1801	 100		 1023
1802	 100		 771
1803	 100		 900
1804	 100		 1021
1805	 100		 723
1806	 100		 729
1807	 100		 807
1808	 100		 893
1809	 100		 651
1810	 100		 749
1811	 100		 993
1812	 100		 1023
1813	 100		 819
1814	 100		 877
1815	 100		 979
1816	 100		 1013
1817	 100		 741
1818	 100		 755
1819	 100		 873
1820	 100		 955
1821	 100		 701
1822	 100		 867
1823	 100		 1023
1824	 100		 1023
1825	 100		 768
1826	 100		 893
1827	 100		 1016
1828	 100		 899
1829	 100		 728
1830	 100		 801
1831	 100		 889
1832	 100		 667
1833	 100		 741
1834	 100		 984
1835	 100		 1023
1836	 100		 819
1837	 100		 873
1838	 100		 973
1839	 100		 1013
1840	 100		 740
1841	 100		 752
1842	 100		 867
1843	 100		 955
1844	 100		 697
1845	 100		 859
1846	 100		 1023
1847	 100		 1023
1848	 100		 768
1849	 100		 888
1850	 100		 1015
1851	 100		 681
1852	 100		 736
1853	 100		 801
1854	 100		 889
1855	 100		 695
1856	 100		 736
1857	 100		 977
1858	 100		 1023
1859	 100		 817
1860	 100		 872
1861	 100		 971
1862	 100		 1016
1863	 100		 738
1864	 100		 747
1865	 100		 865
1866	 100		 952
1867	 100		 693
1868	 100		 851
1869	 100		 1023
1870	 100		 1023
1871	 100		 767
1872	 100		 881
1873	 100		 1011
1874	 100		 1021
1875	 100		 731
1876	 100		 797
1877	 100		 887
1878	 100		 889
1879	 100		 728
1880	 100		 966
1881	 100		 1023
1882	 100		 817
1883	 100		 867
1884	 100		 971
1885	 100		 1017
1886	 100		 737
1887	 100		 745
1888	 100		 859
1889	 100		 951
1890	 100		 691
1891	 100		 844
1892	 100		 1023
1893	 100		 1023
1894	 100		 768
1895	 100		 875
1896	 100		 1009
1897	 100		 1023
1898	 100		 733
1899	 100		 792
1900	 100		 885
1901	 100		 917
1902	 100		 720
1903	 100		 957
1904	 100		 1023
1905	 100		 816
1906	 100		 865
1907	 100		 968
1908	 100		 1017
1909	 100		 737
1910	 100		 739
1911	 100		 856
1912	 100		 951
1913	 100		 688
1914	 100		 835
1915	 100		 1023
1916	 100		 1023
1917	 100		 771
1918	 100		 869
1919	 100		 1003
1920	 100		 1023
1921	 100		 731
1922	 100		 787
1923	 100		 880
1924	 100		 915
1925	 100		 712
1926	 100		 948
1927	 100		 1023
1928	 100		 825
1929	 100		 859
1930	 100		 961
1931	 100		 1016
1932	 100		 737
1933	 100		 736
1934	 100		 848
1935	 100		 945
1936	 100		 684
1937	 100		 825
1938	 100		 1023
1939	 100		 1023
1940	 100		 781
1941	 100		 861
1942	 100		 999
1943	 100		 1023
1944	 100		 737
1945	 100		 784
1946	 100		 880
1947	 100		 917
1948	 100		 705
1949	 100		 937
1950	 100		 1023
1951	 100		 837
1952	 100		 857
1953	 100		 955
1954	 100		 1016
1955	 100		 736
1956	 100		 731
1957	 100		 845
1958	 100		 944
1959	 100		 681
1960	 100		 816
1961	 100		 1017
1962	 100		 1023
1963	 100		 777
1964	 100		 856
1965	 100		 994
1966	 100		 1023
1967	 100		 743
1968	 100		 784
1969	 100		 875
1970	 100		 919
1971	 100		 699
1972	 100		 928
1973	 100		 1023
1974	 100		 827
1975	 100		 853
1976	 100		 953
1977	 100		 1015
1978	 100		 743
1979	 100		 729
1980	 100		 837
1981	 100		 939
1982	 100		 677
1983	 100		 807
1984	 100		 1011
1985	 100		 1023
1986	 100		 779
1987	 100		 849
1988	 100		 992
1989	 100		 1023
1990	 100		 749
1991	 100		 781
1992	 100		 873
1993	 100		 920
1994	 100		 693
1995	 100		 915
1996	 100		 1023
1997	 100		 944
1998	 100		 853
1999	 100		 947
2000	 100		 1013
2001	 100		 731
2002	 100		 722
2003	 100		 832
2004	 100		 936
2005	 100		 673
2006	 100		 797
2007	 100		 1001
2008	 100		 1023
2009	 100		 787
2010	 100		 843
2011	 100		 985
2012	 100		 1023
2013	 100		 757
2014	 100		 775
2015	 100		 867
2016	 100		 917
2017	 100		 688
2018	 100		 904
2019	 100		 1023
2020	 100		 848
2021	 100		 851
2022	 100		 944
2023	 100		 1013
2024	 100		 731
2025	 100		 721
2026	 100		 827
2027	 100		 931
2028	 100		 673
2029	 100		 791
2030	 100		 993
2031	 100		 1023
2032	 100		 773
2033	 100		 835
2034	 100		 979
2035	 100		 1023
2036	 100		 754
2037	 100		 773
2038	 100		 867
2039	 100		 920
2040	 100		 683
2041	 100		 893
2042	 100		 1023
2043	 100		 1023
2044	 100		 851
2045	 100		 939
2046	 100		 1011
2047	 100		 721
2048	 100		 720
2049	 100		 824
2050	 100		 929
2051	 100		 669
2052	 100		 781
2053	 100		 987
2054	 100		 1023
2055	 100		 775
2056	 100		 829
2057	 100		 976
2058	 100		 1023
2059	 100		 760
2060	 100		 768
2061	 100		 861
2062	 100		 917
2063	 100		 677
2064	 100		 881
2065	 100		 1023
2066	 100		 1023
2067	 100		 848
2068	 100		 936
2069	 100		 1011
2070	 100		 696
2071	 100		 717
2072	 100		 817
2073	 100		 925
2074	 100		 667
2075	 100		 772
2076	 100		 977
2077	 100		 1023
2078	 100		 769
2079	 100		 822
2080	 100		 969
2081	 100		 1023
2082	 100		 761
2083	 100		 767
2084	 100		 859
2085	 100		 920
2086	 100		 675
2087	 100		 873
2088	 100		 1023
2089	 100		 1023
2090	 100		 845
2091	 100		 931
2092	 100		 1011
2093	 100		 659
2094	 100		 715
2095	 100		 816
2096	 100		 925
2097	 100		 667
2098	 100		 767
2099	 100		 973
2100	 100		 1023
2101	 100		 771
2102	 100		 821
2103	 100		 969
2104	 100		 1023
2105	 100		 759
2106	 100		 768
2107	 100		 857
2108	 100		 923
2109	 100		 674
2110	 100		 867
2111	 100		 1023
2112	 100		 1023
2113	 100		 843
2114	 100		 928
2115	 100		 1008
2116	 100		 709
2117	 100		 715
2118	 100		 811
2119	 100		 921
2120	 100		 665
2121	 100		 763
2122	 100		 968
2123	 100		 1023
2124	 100		 771
2125	 100		 817
2126	 100		 965
2127	 100		 1023
2128	 100		 761
2129	 100		 763
2130	 100		 853
2131	 100		 917
2132	 100		 672
2133	 100		 859
2134	 100		 1023
2135	 100		 1023
2136	 100		 841
2137	 100		 923
2138	 100		 1009
2139	 100		 733
2140	 100		 715
2141	 100		 807
2142	 100		 917
2143	 100		 667
2144	 100		 757
2145	 100		 961
2146	 100		 1023
2147	 100		 773
2148	 100		 817
2149	 100		 961
2150	 100		 1023
2151	 100		 767
2152	 100		 760
2153	 100		 853
2154	 100		 917
2155	 100		 667
2156	 100		 851
2157	 100		 1023
2158	 100		 1023
2159	 100		 839
2160	 100		 921
2161	 100		 1008
2162	 100		 985
2163	 100		 715
2164	 100		 803
2165	 100		 915
2166	 100		 681
2167	 100		 752
2168	 100		 955
2169	 100		 1023
2170	 100		 784
2171	 100		 808
2172	 100		 957
2173	 100		 1023
2174	 100		 763
2175	 100		 757
2176	 100		 848
2177	 100		 917
2178	 100		 665
2179	 100		 843
2180	 100		 1023
2181	 100		 1023
2182	 100		 837
2183	 100		 917
2184	 100		 1005
2185	 100		 987
2186	 100		 715
2187	 100		 800
2188	 100		 913
2189	 100		 757
2190	 100		 745
2191	 100		 949
2192	 100		 1023
2193	 100		 793
2194	 100		 808
2195	 100		 953
2196	 100		 1023
2197	 100		 767
2198	 100		 755
2199	 100		 845
2200	 100		 915
2201	 100		 664
2202	 100		 832
2203	 100		 1023
2204	 100		 1023
2205	 100		 835
2206	 100		 912
2207	 100		 1001
2208	 100		 992
2209	 100		 717
2210	 100		 797
2211	 100		 909
2212	 100		 960
2213	 100		 737
2214	 100		 941
2215	 100		 1023
2216	 100		 819
2217	 100		 800
2218	 100		 945
2219	 100		 1023
2220	 100		 765
2221	 100		 752
2222	 100		 839
2223	 100		 912
2224	 100		 659
2225	 100		 821
2226	 100		 1023
2227	 100		 1023
2228	 100		 833
2229	 100		 907
2230	 100		 1000
2231	 100		 995
2232	 100		 717
2233	 100		 789
2234	 100		 905
2235	 100		 960
2236	 100		 731
2237	 100		 931
2238	 100		 1023
2239	 100		 1023
2240	 100		 792
2241	 100		 937
2242	 100		 1023
2243	 100		 763
2244	 100		 745
2245	 100		 835
2246	 100		 912
2247	 100		 657
2248	 100		 813
2249	 100		 1023
2250	 100		 1023
2251	 100		 832
2252	 100		 905
2253	 100		 997
2254	 100		 1000
2255	 100		 720
2256	 100		 784
2257	 100		 899
2258	 100		 960
2259	 100		 726
2260	 100		 923
2261	 100		 1023
2262	 100		 1023
2263	 100		 787
2264	 100		 933
2265	 100		 1023
2266	 100		 763
2267	 100		 740
2268	 100		 829
2269	 100		 907
2270	 100		 657
2271	 100		 801
2272	 100		 1023
2273	 100		 1023
2274	 100		 829
2275	 100		 901
2276	 100		 993
2277	 100		 1000
2278	 100		 721
2279	 100		 781
2280	 100		 897
2281	 100		 960
2282	 100		 722
2283	 100		 913
2284	 100		 1023
2285	 100		 1023
2286	 100		 784
2287	 100		 928
2288	 100		 1023
2289	 100		 760
2290	 100		 741
2291	 100		 827
2292	 100		 905
2293	 100		 656
2294	 100		 793
2295	 100		 1023
2296	 100		 1023
2297	 100		 827
2298	 100		 896
2299	 100		 993
2300	 100		 1005
2301	 100		 725
2302	 100		 776
2303	 100		 891
2304	 100		 960
2305	 100		 717
2306	 0		 907
2307	 0		 1023
2308	 0		 1023
2309	 0		 779
2310	 0		 917
2311	 0		 1023
2312	 0		 755
2313	 0		 730
2314	 0		 813
2315	 0		 895
2316	 0		 641
2317	 0		 759
2318	 0		 997
2319	 0		 1023
2320	 0		 811
2321	 0		 865
2322	 0		 961
2323	 0		 997
2324	 0		 727
2325	 0		 733
2326	 0		 843
2327	 0		 931
2328	 0		 675
2329	 0		 808
2330	 0		 997
2331	 0		 1023
2332	 0		 773
2333	 0		 816
2334	 0		 952
2335	 0		 1011
2336	 0		 737
2337	 0		 736
2338	 0		 823
2339	 0		 888
2340	 0		 641
2341	 0		 789
2342	 0		 1009
2343	 0		 1023
2344	 0		 795
2345	 0		 852
2346	 0		 941
2347	 0		 972
2348	 0		 707
2349	 0		 709
2350	 0		 813
2351	 0		 905
2352	 0		 653
2353	 0		 752
2354	 0		 937
2355	 0		 1023
2356	 0		 755
2357	 0		 753
2358	 0		 883
2359	 0		 977
2360	 0		 707
2361	 0		 696
2362	 0		 761
2363	 0		 841
2364	 0		 873
2365	 0		 658
2366	 0		 851
2367	 0		 1023
2368	 0		 1023
2369	 0		 785
2370	 0		 848
2371	 0		 928
2372	 0		 941
2373	 0		 691
2374	 0		 697
2375	 0		 800
2376	 0		 883
2377	 0		 641
2378	 0		 721
2379	 0		 896
2380	 0		 1021
2381	 0		 1023
2382	 0		 713
2383	 0		 824
2384	 0		 929
2385	 0		 952
2386	 0		 695
2387	 0		 709
2388	 0		 787
2389	 0		 848
2390	 0		 611
2391	 0		 713
2392	 0		 913
2393	 0		 1023
2394	 0		 765
2395	 0		 773
2396	 0		 845
2397	 0		 912
2398	 0		 904
2399	 0		 669
2400	 0		 688
2401	 0		 785
2402	 0		 864
2403	 0		 627
2404	 0		 697
2405	 0		 859
2406	 0		 985
2407	 0		 1023
2408	 0		 689
2409	 0		 765
2410	 0		 877
2411	 0		 931
2412	 0		 688
2413	 0		 664
2414	 0		 732
2415	 0		 801
2416	 0		 832
2417	 0		 618
2418	 0		 773
2419	 0		 949
2420	 0		 1023
2421	 0		 731
2422	 0		 760
2423	 0		 835
2424	 0		 889
2425	 0		 872
2426	 0		 646
2427	 0		 664
2428	 0		 755
2429	 0		 832
2430	 0		 609
2431	 0		 659
2432	 0		 808
2433	 0		 935
2434	 0		 992
2435	 0		 677
2436	 0		 704
2437	 0		 816
2438	 0		 891
2439	 0		 883
2440	 0		 648
2441	 0		 672
2442	 0		 744
2443	 0		 800
2444	 0		 749
2445	 0		 631
2446	 0		 793
2447	 0		 945
2448	 0		 1023
2449	 0		 707
2450	 0		 736
2451	 0		 805
2452	 0		 859
2453	 0		 848
2454	 0		 625
2455	 0		 631
2456	 0		 713
2457	 0		 793
2458	 0		 829
2459	 0		 614
2460	 0		 721
2461	 0		 859
2462	 0		 944
2463	 0		 953
2464	 0		 645
2465	 0		 720
2466	 0		 817
2467	 0		 869
2468	 0		 637
2469	 0		 624
2470	 0		 665
2471	 0		 729
2472	 0		 777
2473	 0		 772
2474	 0		 611
2475	 0		 757
2476	 0		 904
2477	 0		 985
2478	 0		 683
2479	 0		 701
2480	 0		 755
2481	 0		 816
2482	 0		 832
2483	 0		 561
2484	 0		 581
2485	 0		 641
2486	 0		 723
2487	 0		 785
2488	 0		 611
2489	 0		 611
2490	 0		 729
2491	 0		 848
2492	 0		 913
2493	 0		 915
2494	 0		 631
2495	 0		 697
2496	 0		 785
2497	 0		 839
2498	 0		 824
2499	 0		 620
2500	 0		 629
2501	 0		 689
2502	 0		 741
2503	 0		 763
2504	 0		 569
2505	 0		 649
2506	 0		 797
2507	 0		 907
2508	 0		 957
2509	 0		 657
2510	 0		 679
2511	 0		 736
2512	 0		 785
2513	 0		 797
2514	 0		 701
2515	 0		 558
2516	 0		 608
2517	 0		 685
2518	 0		 748
2519	 0		 771
2520	 0		 574
2521	 0		 656
2522	 0		 775
2523	 0		 859
2524	 0		 888
2525	 0		 605
2526	 0		 619
2527	 0		 699
2528	 0		 776
2529	 0		 811
2530	 0		 590
2531	 0		 592
2532	 0		 611
2533	 0		 665
2534	 0		 715
2535	 0		 737
2536	 0		 548
2537	 0		 597
2538	 0		 729
2539	 0		 844
2540	 0		 909
2541	 0		 899
2542	 0		 637
2543	 0		 670
2544	 0		 725
2545	 0		 760
2546	 0		 752
2547	 0		 553
2548	 0		 535
2549	 0		 592
2550	 0		 663
2551	 0		 717
2552	 0		 743
2553	 0		 549
2554	 0		 611
2555	 0		 717
2556	 0		 801
2557	 0		 847
2558	 0		 837
2559	 0		 583
2560	 0		 625
2561	 0		 704
2562	 0		 757
2563	 0		 775
2564	 0		 581
2565	 0		 566
2566	 0		 594
2567	 0		 643
2568	 0		 688
2569	 0		 708
2570	 0		 529
2571	 0		 558
2572	 0		 667
2573	 0		 781
2574	 0		 851
2575	 0		 875
2576	 0		 602
2577	 0		 613
2578	 0		 657
2579	 0		 705
2580	 0		 725
2581	 0		 707
2582	 0		 531
2583	 0		 517
2584	 0		 573
2585	 0		 635
2586	 0		 688
2587	 0		 713
2588	 0		 525
2589	 0		 561
2590	 0		 651
2591	 0		 738
2592	 0		 793
2593	 0		 808
2594	 0		 561
2595	 0		 555
2596	 0		 611
2597	 0		 679
2598	 0		 723
2599	 0		 733
2600	 0		 552
2601	 0		 547
2602	 0		 563
2603	 0		 608
2604	 0		 646
2605	 0		 673
2606	 0		 671
2607	 0		 511
2608	 0		 574
2609	 0		 683
2610	 0		 769
2611	 0		 819
2612	 0		 827
2613	 0		 569
2614	 0		 581
2615	 0		 621
2616	 0		 664
2617	 0		 683
2618	 0		 675
2619	 0		 481
2620	 0		 493
2621	 0		 521
2622	 0		 577
2623	 0		 631
2624	 0		 668
2625	 0		 679
2626	 0		 504
2627	 0		 544
2628	 0		 626
2629	 0		 701
2630	 0		 748
2631	 0		 763
2632	 0		 740
2633	 0		 521
2634	 0		 551
2635	 0		 613
2636	 0		 665
2637	 0		 691
2638	 0		 681
2639	 0		 524
2640	 0		 515
2641	 0		 539
2642	 0		 577
2643	 0		 613
2644	 0		 635
2645	 0		 635
2646	 0		 484
2647	 0		 515
2648	 0		 605
2649	 0		 691
2650	 0		 751
2651	 0		 777
2652	 0		 767
2653	 0		 536
2654	 0		 548
2655	 0		 585
2656	 0		 621
2657	 0		 640
2658	 0		 637
2659	 0		 600
2660	 0		 469
2661	 0		 471
2662	 0		 517
2663	 0		 566
2664	 0		 608
2665	 0		 635
2666	 0		 639
2667	 0		 477
2668	 0		 512
2669	 0		 581
2670	 0		 648
2671	 0		 691
2672	 0		 711
2673	 0		 700
2674	 0		 482
2675	 0		 488
2676	 0		 533
2677	 0		 587
2678	 0		 627
2679	 0		 645
2680	 0		 634
2681	 0		 489
2682	 0		 485
2683	 0		 498
2684	 0		 530
2685	 0		 561
2686	 0		 587
2687	 0		 598
2688	 0		 590
2689	 0		 453
2690	 0		 491
2691	 0		 589
2692	 0		 653
2693	 0		 696
2694	 0		 717
2695	 0		 717
2696	 0		 499
2697	 0		 499
2698	 0		 522
2699	 0		 555
2700	 0		 582
2701	 0		 595
2702	 0		 589
2703	 0		 557
2704	 0		 437
2705	 0		 435
2706	 0		 474
2707	 0		 520
2708	 0		 556
2709	 0		 585
2710	 0		 601
2711	 0		 593
2712	 0		 449
2713	 0		 477
2714	 0		 536
2715	 0		 592
2716	 0		 630
2717	 0		 651
2718	 0		 666
2719	 0		 653
2720	 0		 475
2721	 0		 473
2722	 0		 512
2723	 0		 554
2724	 0		 584
2725	 0		 599
2726	 0		 593
2727	 0		 451
2728	 0		 454
2729	 0		 451
2730	 0		 472
2731	 0		 500
2732	 0		 525
2733	 0		 544
2734	 0		 553
2735	 0		 547
2736	 0		 420
2737	 0		 451
2738	 0		 498
2739	 0		 560
2740	 0		 611
2741	 0		 657
2742	 0		 680
2743	 0		 659
2744	 0		 465
2745	 0		 459
2746	 0		 467
2747	 0		 493
2748	 0		 507
2749	 0		 524
2750	 0		 538
2751	 0		 533
2752	 0		 505
2753	 0		 405
2754	 0		 400
2755	 0		 419
2756	 0		 453
2757	 0		 488
2758	 0		 553
2759	 0		 605
2760	 0		 593
2761	 0		 576
2762	 0		 437
2763	 0		 444
2764	 0		 483
2765	 0		 529
2766	 0		 561
2767	 0		 585
2768	 0		 619
2769	 0		 619
2770	 0		 560
2771	 0		 402
2772	 0		 409
2773	 0		 438
2774	 0		 581
2775	 0		 563
2776	 0		 565
2777	 0		 589
2778	 0		 608
2779	 0		 526
2780	 0		 448
2781	 0		 430
2782	 0		 425
2783	 0		 445
2784	 0		 464
2785	 0		 491
2786	 0		 532
2787	 0		 548
2788	 0		 487
2789	 0		 415
2790	 0		 393
2791	 0		 415
2792	 0		 485
2793	 0		 560
2794	 0		 577
2795	 0		 608
2796	 0		 609
2797	 0		 604
2798	 0		 567
2799	 0		 408
2800	 0		 412
2801	 0		 416
2802	 0		 523
2803	 0		 531
2804	 0		 592
2805	 0		 584
2806	 0		 551
2807	 0		 513
2808	 0		 456
2809	 0		 377
2810	 0		 372
2811	 0		 441
2812	 0		 508
2813	 0		 557
2814	 0		 582
2815	 0		 591
2816	 0		 577
2817	 0		 557
2818	 0		 513
2819	 0		 395
2820	 0		 384
2821	 0		 413
2822	 0		 493
2823	 0		 520
2824	 0		 539
2825	 0		 545
2826	 0		 537
2827	 0		 520
2828	 0		 483
2829	 0		 435
2830	 0		 362
2831	 0		 356
2832	 0		 443
2833	 0		 521
2834	 0		 558
2835	 0		 567
2836	 0		 567
2837	 0		 558
2838	 0		 539
2839	 0		 498
2840	 0		 435
2841	 0		 363
2842	 0		 365
2843	 0		 421
2844	 0		 465
2845	 0		 488
2846	 0		 497
2847	 0		 499
2848	 0		 496
2849	 0		 482
2850	 0		 454
2851	 0		 407
2852	 0		 352
2853	 0		 329
2854	 0		 344
2855	 0		 456
2856	 0		 481
2857	 0		 507
2858	 0		 526
2859	 0		 524
2860	 0		 513
2861	 0		 495
2862	 0		 469
2863	 0		 425
2864	 0		 336
2865	 0		 325
2866	 0		 342
2867	 0		 449
2868	 0		 481
2869	 0		 464
2870	 0		 467
2871	 0		 473
2872	 0		 461
2873	 0		 441
2874	 0		 411
2875	 0		 369
2876	 0		 309
2877	 0		 303
2878	 0		 318
2879	 0		 403
2880	 0		 437
2881	 0		 463
2882	 0		 475
2883	 0		 480
2884	 0		 480
2885	 0		 472
2886	 0		 457
2887	 0		 429
2888	 0		 380
2889	 0		 306
2890	 0		 308
2891	 0		 311
2892	 0		 386
2893	 0		 405
2894	 0		 417
2895	 0		 432
2896	 0		 431
2897	 0		 425
2898	 0		 415
2899	 0		 398
2900	 0		 377
2901	 0		 348
2902	 0		 311
2903	 0		 277
2904	 0		 279
2905	 0		 342
2906	 0		 389
2907	 0		 416
2908	 0		 432
2909	 0		 440
2910	 0		 441
2911	 0		 435
2912	 0		 427
2913	 0		 413
2914	 0		 390
2915	 0		 355
2916	 0		 294
2917	 0		 277
2918	 0		 280
2919	 0		 299
2920	 0		 352
2921	 0		 357
2922	 0		 370
2923	 0		 377
2924	 0		 380
2925	 0		 379
2926	 0		 376
2927	 0		 368
2928	 0		 355
2929	 0		 336
2930	 0		 307
2931	 0		 275
2932	 0		 246
2933	 0		 247
2934	 0		 249
2935	 0		 338
2936	 0		 353
2937	 0		 350
2938	 0		 378
2939	 0		 385
2940	 0		 384
2941	 0		 382
2942	 0		 376
2943	 0		 367
2944	 0		 354
2945	 0		 339
2946	 0		 315
2947	 0		 253
2948	 0		 241
2949	 0		 241
2950	 0		 243
2951	 0		 250
2952	 0		 352
2953	 0		 337
2954	 0		 320
2955	 0		 333
2956	 0		 341
2957	 0		 334
2958	 0		 328
2959	 0		 323
2960	 0		 315
2961	 0		 301
2962	 0		 283
2963	 0		 263
2964	 0		 243
2965	 0		 219
2966	 0		 213
2967	 0		 216
2968	 0		 277
2969	 0		 278
2970	 0		 301
2971	 0		 315
2972	 0		 321
2973	 0		 326
2974	 0		 329
2975	 0		 330
2976	 0		 328
2977	 0		 325
2978	 0		 320
2979	 0		 310
2980	 0		 297
2981	 0		 279
2982	 0		 255
2983	 0		 232
2984	 0		 208
2985	 0		 207
2986	 0		 205
2987	 0		 240
2988	 0		 262
2989	 0		 255
2990	 0		 269
2991	 0		 278
2992	 0		 279
2993	 0		 279
2994	 0		 279
2995	 0		 277
2996	 0		 272
2997	 0		 266
2998	 0		 259
2999	 0		 251
3000	 0		 242
3001	 0		 230
3002	 0		 216
3003	 0		 201
3004	 0		 187
3005	 0		 174
3006	 0		 173
3007	 0		 174
3008	 0		 193
3009	 0		 237
3010	 0		 236
3011	 0		 246
3012	 0		 258
3013	 0		 261
3014	 0		 261
3015	 0		 263
3016	 0		 262
3017	 0		 260
3018	 0		 258
3019	 0		 255
3020	 0		 250
3021	 0		 244
3022	 0		 237
3023	 0		 227
3024	 0		 216
3025	 0		 203
3026	 0		 191
3027	 0		 163
3028	 0		 160
3029	 0		 161
3030	 0		 155
3031	 0		 154
3032	 0		 168
3033	 0		 197
3034	 0		 184
3035	 0		 195
3036	 0		 198
3037	 0		 199
3038	 0		 201
3039	 0		 202
3040	 0		 202
3041	 0		 202
3042	 0		 201
3043	 0		 200
3044	 0		 198
3045	 0		 196
3046	 0		 193
3047	 0		 190
3048	 0		 186
3049	 0		 181
3050	 0		 176
3051	 0		 169
3052	 0		 161
3053	 0		 153
3054	 0		 145
3055	 0		 136
3056	 0		 129
3057	 0		 122
3058	 0		 122
3059	 0		 121
3060	 0		 121
3061	 0		 122
3062	 0		 155
3063	 0		 168
3064	 0		 144
3065	 0		 158
3066	 0		 167
3067	 0		 165
3068	 0		 167
3069	 0		 169
3070	 0		 169
3071	 0		 168
3072	 0		 168
3073	 0		 167
3074	 0		 166
3075	 0		 163
3076	 0		 162
3077	 0		 160
3078	 0		 158
3079	 0		 156
3080	 0		 153
3081	 0		 150
3082	 0		 147
3083	 0		 144
3084	 0		 141
3085	 0		 137
3086	 0		 133
3087	 0		 128
3088	 0		 124
3089	 0		 119
3090	 0		 113
3091	 0		 109
3092	 0		 93
3093	 0		 92
3094	 0		 91
3095	 0		 89
3096	 0		 88
3097	 0		 87
3098	 0		 86
3099	 0		 86
3100	 0		 86
3101	 0		 86
3102	 0		 86
3103	 0		 86
3104	 0		 119
3105	 0		 116
3106	 0		 95
3107	 0		 98
3108	 0		 104
3109	 0		 101
3110	 0		 99
3111	 0		 99
3112	 0		 99
3113	 0		 97
3114	 0		 96
3115	 0		 95
3116	 0		 93
3117	 0		 91
3118	 0		 90
3119	 0		 88
3120	 0		 86
3121	 0		 85
3122	 0		 84
3123	 0		 82
3124	 0		 80
3125	 0		 79
3126	 0		 77
3127	 0		 75
3128	 0		 73
3129	 0		 72
3130	 0		 70
3131	 0		 69
3132	 0		 67
3133	 0		 65
3134	 0		 64
3135	 0		 62
3136	 0		 61
3137	 0		 59
3138	 0		 58
3139	 0		 56
3140	 0		 55
3141	 0		 53
3142	 0		 52
3143	 0		 50
3144	 0		 49
3145	 0		 48
3146	 0		 46
3147	 0		 44
3148	 0		 43
3149	 0		 42
3150	 0		 41
3151	 0		 39
3152	 0		 38
3153	 0		 37
3154	 0		 36
3155	 0		 34
3156	 0		 33
3157	 0		 32
3158	 0		 31
3159	 0		 30
3160	 0		 29
3161	 0		 27
3162	 0		 26
3163	 0		 25
3164	 0		 24
3165	 0		 23
3166	 0		 22
3167	 0		 21
3168	 0		 20
3169	 0		 19
3170	 0		 18
3171	 0		 17
3172	 0		 16
3173	 0		 14
3174	 0		 14
3175	 0		 12
3176	 0		 12
3177	 0		 11
3178	 0		 10
3179	 0		 9
3180	 0		 8
3181	 0		 7
3182	 0		 6
3183	 0		 5
3184	 0		 4
3185	 0		 3
3186	 0		 2
3187	 0		 2
3188	 0		 1
3189	 0		 0
3190	 0		 0
3191	 0		 0
3192	 0		 0
3193	 0		 0
3194	 0		 0
3195	 0		 0
3196	 0		 0
3197	 0		 0
3198	 0		 0
3199	 0		 0
3200	 0		 0
3201	 0		 0
3202	 0		 0
3203	 0		 0
3204	 0		 0
3205	 0		 0
3206	 0		 0
3207	 0		 0
3208	 0		 0
3209	 0		 0
3210	 0		 0
3211	 0		 0
3212	 0		 0
3213	 0		 0
3214	 0		 0
3215	 0		 0
3216	 0		 0
3217	 0		 0
3218	 0		 0
3219	 0		 0
3220	 0		 0
3221	 0		 0
3222	 0		 0
3223	 0		 0
3224	 0		 0
3225	 0		 0
3226	 0		 0
3227	 0		 0
3228	 0		 0
3229	 0		 0
3230	 0		 0
3231	 0		 0
3232	 0		 0
3233	 0		 0
3234	 0		 0
3235	 0		 0
3236	 0		 0
3237	 0		 0
3238	 0		 0
3239	 0		 0
3240	 0		 0
3241	 0		 0
3242	 0		 0
3243	 0		 0
3244	 0		 0
3245	 0		 0
3246	 0		 0
3247	 0		 0
3248	 0		 0
3249	 0		 0
3250	 0		 0
3251	 0		 0
3252	 0		 0
3253	 0		 0
3254	 0		 0
3255	 0		 0
3256	 0		 0
3257	 0		 0
3258	 0		 0
3259	 0		 0
3260	 0		 0
3261	 0		 0
3262	 0		 0
3263	 0		 0
3264	 0		 0
3265	 0		 0
3266	 0		 0
3267	 0		 0
3268	 0		 0
3269	 0		 0
3270	 0		 0
3271	 0		 0
3272	 0		 0
3273	 0		 0
3274	 0		 0
3275	 0		 0
3276	 0		 0
3277	 0		 0
3278	 0		 0
3279	 0		 0
3280	 0		 0
3281	 0		 0
3282	 0		 0
3283	 0		 0
3284	 0		 0
3285	 0		 0
3286	 0		 0
3287	 0		 0
3288	 0		 0
3289	 0		 0
3290	 0		 0
3291	 0		 0
3292	 0		 0
3293	 0		 0
3294	 0		 0
3295	 0		 0
3296	 0		 0
3297	 0		 0
3298	 0		 0
3299	 0		 0
3300	 0		 0
3301	 0		 0
3302	 0		 0
3303	 0		 0
3304	 0		 0
3305	 0		 0
3306	 0		 0
3307	 0		 0