ADC Read (10 bits)
Muestra	 PWM_percent	 ADC
1	 0		 0
2	 0		 0
3	 0		 0
4	 0		 0
5	 0		 0
6	 0		 0
7	 0		 0
8	 0		 0
9	 0		 0
10	 0		 0
11	 0		 0
12	 0		 0
13	 0		 0
14	 0		 0
15	 0		 0
16	 0		 0
17	 0		 0
18	 0		 0
19	 0		 0
20	 0		 0
21	 0		 0
22	 0		 0
23	 0		 0
24	 0		 0
25	 0		 0
26	 0		 0
27	 0		 0
28	 0		 0
29	 0		 0
30	 0		 0
31	 0		 0
32	 0		 0
33	 0		 0
34	 0		 0
35	 0		 0
36	 0		 0
37	 0		 0
38	 0		 0
39	 0		 0
40	 0		 0
41	 0		 0
42	 0		 0
43	 0		 0
44	 0		 0
45	 0		 0
46	 0		 0
47	 0		 0
48	 0		 0
49	 0		 0
50	 0		 0
51	 0		 0
52	 0		 0
53	 0		 0
54	 0		 0
55	 0		 0
56	 0		 0
57	 0		 0
58	 0		 0
59	 0		 0
60	 0		 0
61	 0		 0
62	 0		 0
63	 0		 0
64	 0		 0
65	 0		 0
66	 0		 0
67	 0		 0
68	 0		 0
69	 0		 0
70	 0		 0
71	 0		 0
72	 0		 0
73	 0		 0
74	 0		 0
75	 0		 0
76	 0		 0
77	 0		 0
78	 0		 0
79	 0		 0
80	 0		 0
81	 0		 0
82	 0		 0
83	 0		 0
84	 0		 0
85	 0		 0
86	 0		 0
87	 0		 0
88	 0		 0
89	 0		 0
90	 0		 0
91	 0		 0
92	 0		 0
93	 0		 0
94	 0		 0
95	 0		 0
96	 0		 0
97	 0		 0
98	 0		 0
99	 0		 0
100	 0		 0
101	 0		 0
102	 0		 0
103	 0		 0
104	 0		 0
105	 0		 0
106	 0		 0
107	 0		 0
108	 0		 0
109	 0		 0
110	 0		 0
111	 0		 0
112	 0		 0
113	 0		 0
114	 0		 0
115	 0		 0
116	 0		 0
117	 0		 0
118	 0		 0
119	 0		 0
120	 0		 0
121	 0		 0
122	 0		 0
123	 0		 0
124	 0		 0
125	 0		 0
126	 0		 0
127	 0		 0
128	 0		 0
129	 0		 0
130	 0		 0
131	 0		 0
132	 0		 0
133	 0		 0
134	 0		 0
135	 0		 0
136	 0		 0
137	 0		 0
138	 0		 0
139	 0		 0
140	 0		 0
141	 0		 0
142	 0		 0
143	 0		 0
144	 0		 0
145	 0		 0
146	 0		 0
147	 0		 0
148	 0		 0
149	 0		 0
150	 0		 0
151	 0		 0
152	 0		 0
153	 0		 0
154	 0		 0
155	 0		 0
156	 0		 0
157	 0		 0
158	 0		 0
159	 0		 0
160	 0		 0
161	 0		 0
162	 0		 0
163	 0		 0
164	 0		 0
165	 0		 0
166	 0		 0
167	 0		 0
168	 0		 0
169	 0		 0
170	 0		 0
171	 0		 0
172	 0		 0
173	 0		 0
174	 0		 0
175	 0		 0
176	 0		 0
177	 0		 0
178	 0		 0
179	 0		 0
180	 0		 0
181	 0		 0
182	 0		 0
183	 0		 0
184	 0		 0
185	 0		 0
186	 0		 0
187	 0		 0
188	 0		 0
189	 0		 0
190	 0		 0
191	 0		 0
192	 0		 0
193	 0		 0
194	 0		 0
195	 0		 0
196	 0		 0
197	 0		 0
198	 0		 0
199	 0		 0
200	 0		 0
201	 0		 0
202	 0		 0
203	 0		 0
204	 0		 0
205	 0		 0
206	 0		 0
207	 0		 0
208	 0		 0
209	 0		 0
210	 0		 0
211	 0		 0
212	 0		 0
213	 0		 0
214	 0		 0
215	 0		 0
216	 0		 0
217	 0		 0
218	 0		 0
219	 0		 0
220	 0		 0
221	 0		 0
222	 0		 0
223	 0		 0
224	 0		 0
225	 0		 0
226	 0		 0
227	 0		 0
228	 0		 0
229	 0		 0
230	 0		 0
231	 0		 0
232	 0		 0
233	 0		 0
234	 0		 0
235	 0		 0
236	 0		 0
237	 0		 0
238	 0		 0
239	 0		 0
240	 0		 0
241	 0		 0
242	 0		 0
243	 0		 0
244	 0		 0
245	 0		 0
246	 0		 0
247	 0		 0
248	 0		 0
249	 0		 0
250	 0		 0
251	 0		 0
252	 0		 0
253	 0		 0
254	 0		 0
255	 0		 0
256	 0		 0
257	 0		 0
258	 0		 0
259	 0		 0
260	 0		 0
261	 0		 0
262	 0		 0
263	 0		 0
264	 0		 0
265	 0		 0
266	 0		 0
267	 0		 0
268	 0		 0
269	 0		 0
270	 0		 0
271	 0		 0
272	 0		 0
273	 0		 0
274	 0		 0
275	 0		 0
276	 0		 0
277	 0		 0
278	 0		 0
279	 0		 0
280	 0		 0
281	 0		 0
282	 0		 0
283	 0		 0
284	 0		 0
285	 0		 0
286	 0		 0
287	 0		 0
288	 0		 0
289	 0		 0
290	 0		 0
291	 0		 0
292	 0		 0
293	 0		 0
294	 0		 0
295	 0		 0
296	 0		 0
297	 0		 0
298	 0		 0
299	 0		 0
300	 0		 0
301	 0		 0
302	 30		 0
303	 30		 0
304	 30		 2
305	 30		 11
306	 30		 26
307	 30		 42
308	 30		 55
309	 30		 64
310	 30		 68
311	 30		 74
312	 30		 83
313	 30		 93
314	 30		 102
315	 30		 112
316	 30		 133
317	 30		 160
318	 30		 173
319	 30		 196
320	 30		 222
321	 30		 244
322	 30		 262
323	 30		 280
324	 30		 293
325	 30		 306
326	 30		 316
327	 30		 326
328	 30		 335
329	 30		 338
330	 30		 336
331	 30		 329
332	 30		 312
333	 30		 270
334	 30		 259
335	 30		 270
336	 30		 274
337	 30		 381
338	 30		 370
339	 30		 392
340	 30		 412
341	 30		 421
342	 30		 430
343	 30		 432
344	 30		 429
345	 30		 412
346	 30		 381
347	 30		 336
348	 30		 312
349	 30		 347
350	 30		 420
351	 30		 472
352	 30		 516
353	 30		 544
354	 30		 545
355	 30		 544
356	 30		 528
357	 30		 505
358	 30		 459
359	 30		 376
360	 30		 383
361	 30		 380
362	 30		 524
363	 30		 560
364	 30		 552
365	 30		 555
366	 30		 555
367	 30		 531
368	 30		 480
369	 30		 401
370	 30		 389
371	 30		 480
372	 30		 564
373	 30		 608
374	 30		 630
375	 30		 647
376	 30		 648
377	 30		 630
378	 30		 581
379	 30		 438
380	 30		 433
381	 30		 537
382	 30		 605
383	 30		 632
384	 30		 634
385	 30		 621
386	 30		 598
387	 30		 595
388	 30		 451
389	 30		 426
390	 30		 480
391	 30		 511
392	 30		 535
393	 30		 667
394	 30		 682
395	 30		 638
396	 30		 595
397	 30		 480
398	 30		 466
399	 30		 475
400	 30		 499
401	 30		 522
402	 30		 541
403	 30		 555
404	 30		 558
405	 30		 464
406	 30		 419
407	 30		 456
408	 30		 524
409	 30		 589
410	 30		 638
411	 30		 667
412	 30		 673
413	 30		 489
414	 30		 467
415	 30		 476
416	 30		 502
417	 30		 535
418	 30		 559
419	 30		 570
420	 30		 562
421	 30		 479
422	 30		 427
423	 30		 424
424	 30		 460
425	 30		 504
426	 30		 540
427	 30		 575
428	 30		 592
429	 30		 587
430	 30		 448
431	 30		 477
432	 30		 538
433	 30		 596
434	 30		 639
435	 30		 664
436	 30		 664
437	 30		 519
438	 30		 459
439	 30		 476
440	 30		 530
441	 30		 579
442	 30		 612
443	 30		 625
444	 30		 610
445	 30		 479
446	 30		 475
447	 30		 489
448	 30		 521
449	 30		 555
450	 30		 578
451	 30		 592
452	 30		 586
453	 30		 448
454	 30		 485
455	 30		 565
456	 30		 639
457	 30		 696
458	 30		 723
459	 30		 727
460	 30		 504
461	 30		 509
462	 30		 531
463	 30		 569
464	 30		 599
465	 30		 613
466	 30		 604
467	 30		 417
468	 30		 457
469	 30		 460
470	 30		 509
471	 30		 555
472	 30		 592
473	 30		 620
474	 30		 627
475	 30		 472
476	 30		 497
477	 30		 563
478	 30		 629
479	 30		 679
480	 30		 704
481	 30		 703
482	 30		 483
483	 30		 488
484	 30		 528
485	 30		 585
486	 30		 633
487	 30		 656
488	 30		 650
489	 30		 500
490	 30		 500
491	 30		 506
492	 30		 542
493	 30		 576
494	 30		 604
495	 30		 619
496	 30		 607
497	 30		 470
498	 30		 525
499	 30		 616
500	 30		 695
501	 30		 741
502	 30		 760
503	 30		 534
504	 30		 528
505	 30		 544
506	 30		 583
507	 30		 617
508	 30		 635
509	 30		 634
510	 30		 538
511	 30		 475
512	 30		 478
513	 30		 525
514	 30		 576
515	 30		 615
516	 30		 643
517	 30		 644
518	 30		 488
519	 30		 529
520	 30		 608
521	 30		 673
522	 30		 714
523	 30		 731
524	 30		 696
525	 30		 501
526	 30		 521
527	 30		 582
528	 30		 639
529	 30		 671
530	 30		 675
531	 30		 504
532	 30		 515
533	 30		 517
534	 30		 553
535	 30		 589
536	 30		 619
537	 30		 633
538	 30		 475
539	 30		 480
540	 30		 547
541	 30		 642
542	 30		 720
543	 30		 768
544	 30		 780
545	 30		 539
546	 30		 544
547	 30		 571
548	 30		 612
549	 30		 646
550	 30		 653
551	 30		 633
552	 30		 488
553	 30		 477
554	 30		 517
555	 30		 570
556	 30		 617
557	 30		 653
558	 30		 664
559	 30		 495
560	 30		 525
561	 30		 603
562	 30		 676
563	 30		 728
564	 30		 749
565	 30		 734
566	 30		 514
567	 30		 533
568	 30		 595
569	 30		 652
570	 30		 688
571	 30		 689
572	 30		 521
573	 30		 525
574	 30		 532
575	 30		 571
576	 30		 609
577	 30		 636
578	 30		 647
579	 30		 480
580	 30		 507
581	 30		 597
582	 30		 692
583	 30		 759
584	 30		 795
585	 30		 791
586	 30		 553
587	 30		 565
588	 30		 608
589	 30		 645
590	 30		 669
591	 30		 657
592	 30		 492
593	 30		 486
594	 30		 513
595	 30		 566
596	 30		 619
597	 30		 658
598	 30		 675
599	 30		 501
600	 30		 529
601	 30		 608
602	 30		 687
603	 30		 739
604	 30		 763
605	 30		 748
606	 30		 523
607	 30		 544
608	 30		 609
609	 30		 661
610	 30		 697
611	 30		 697
612	 30		 531
613	 30		 530
614	 30		 549
615	 30		 589
616	 30		 627
617	 30		 653
618	 30		 654
619	 30		 490
620	 30		 539
621	 30		 637
622	 30		 731
623	 30		 791
624	 30		 811
625	 30		 557
626	 30		 563
627	 30		 593
628	 30		 636
629	 30		 669
630	 30		 679
631	 30		 649
632	 30		 505
633	 30		 500
634	 30		 551
635	 30		 606
636	 30		 655
637	 30		 681
638	 30		 505
639	 30		 520
640	 30		 589
641	 30		 672
642	 30		 738
643	 30		 768
644	 30		 768
645	 30		 527
646	 30		 541
647	 30		 603
648	 30		 667
649	 30		 705
650	 30		 708
651	 30		 539
652	 30		 538
653	 30		 552
654	 30		 591
655	 30		 633
656	 30		 657
657	 30		 659
658	 30		 493
659	 30		 547
660	 30		 649
661	 30		 741
662	 30		 800
663	 30		 818
664	 30		 564
665	 30		 573
666	 30		 608
667	 30		 651
668	 30		 681
669	 30		 684
670	 30		 571
671	 30		 511
672	 30		 514
673	 30		 566
674	 30		 624
675	 30		 669
676	 30		 688
677	 30		 507
678	 30		 539
679	 30		 617
680	 30		 700
681	 30		 760
682	 30		 783
683	 30		 749
684	 30		 538
685	 30		 569
686	 30		 635
687	 30		 690
688	 30		 718
689	 30		 703
690	 30		 543
691	 30		 539
692	 30		 571
693	 30		 615
694	 30		 649
695	 30		 667
696	 30		 493
697	 30		 514
698	 30		 599
699	 30		 707
700	 30		 788
701	 30		 829
702	 30		 819
703	 30		 571
704	 30		 594
705	 30		 637
706	 30		 677
707	 30		 691
708	 30		 671
709	 30		 513
710	 30		 505
711	 30		 555
712	 30		 610
713	 30		 664
714	 30		 690
715	 30		 512
716	 30		 528
717	 30		 598
718	 30		 691
719	 30		 752
720	 30		 789
721	 30		 775
722	 30		 541
723	 30		 560
724	 30		 628
725	 30		 690
726	 30		 719
727	 30		 714
728	 30		 548
729	 30		 542
730	 30		 574
731	 30		 617
732	 30		 652
733	 30		 672
734	 30		 499
735	 30		 516
736	 30		 604
737	 30		 711
738	 30		 791
739	 30		 833
740	 30		 824
741	 30		 579
742	 30		 599
743	 30		 647
744	 30		 681
745	 30		 697
746	 30		 672
747	 30		 518
748	 30		 511
749	 30		 562
750	 30		 621
751	 30		 670
752	 30		 698
753	 30		 517
754	 30		 539
755	 30		 616
756	 30		 706
757	 30		 767
758	 30		 793
759	 30		 732
760	 30		 549
761	 30		 579
762	 30		 648
763	 30		 707
764	 30		 731
765	 30		 711
766	 30		 551
767	 30		 551
768	 30		 587
769	 30		 633
770	 30		 665
771	 30		 677
772	 30		 500
773	 30		 535
774	 30		 639
775	 30		 745
776	 30		 814
777	 30		 843
778	 30		 578
779	 30		 587
780	 30		 621
781	 30		 667
782	 30		 695
783	 30		 699
784	 30		 494
785	 30		 514
786	 30		 529
787	 30		 588
788	 30		 647
789	 30		 688
790	 30		 703
791	 30		 523
792	 30		 569
793	 30		 659
794	 30		 739
795	 30		 786
796	 30		 796
797	 30		 542
798	 30		 550
799	 30		 615
800	 30		 683
801	 30		 723
802	 30		 731
803	 30		 553
804	 30		 553
805	 30		 569
806	 30		 613
807	 30		 653
808	 30		 679
809	 30		 673
810	 30		 513
811	 30		 588
812	 30		 701
813	 30		 787
814	 30		 835
815	 30		 841
816	 30		 584
817	 30		 604
818	 30		 651
819	 30		 689
820	 30		 707
821	 30		 682
822	 30		 523
823	 30		 513
824	 30		 565
825	 30		 626
826	 30		 677
827	 30		 704
828	 30		 519
829	 30		 546
830	 30		 627
831	 30		 717
832	 30		 777
833	 30		 801
834	 30		 729
835	 30		 555
836	 30		 594
837	 30		 661
838	 30		 716
839	 30		 736
840	 30		 502
841	 30		 556
842	 30		 562
843	 30		 601
844	 30		 646
845	 30		 673
846	 30		 682
847	 30		 505
848	 30		 562
849	 30		 672
850	 30		 769
851	 30		 832
852	 30		 846
853	 30		 584
854	 30		 597
855	 30		 641
856	 30		 685
857	 30		 706
858	 30		 693
859	 30		 523
860	 30		 510
861	 30		 552
862	 30		 615
863	 30		 671
864	 30		 705
865	 30		 523
866	 30		 537
867	 30		 613
868	 30		 704
869	 30		 768
870	 30		 801
871	 30		 787
872	 30		 547
873	 30		 583
874	 30		 655
875	 30		 713
876	 30		 741
877	 30		 715
878	 30		 557
879	 30		 559
880	 30		 599
881	 30		 641
882	 30		 673
883	 30		 682
884	 30		 506
885	 30		 552
886	 30		 662
887	 30		 767
888	 30		 826
889	 30		 849
890	 30		 584
891	 30		 596
892	 30		 638
893	 30		 681
894	 30		 707
895	 30		 699
896	 30		 525
897	 30		 511
898	 30		 554
899	 30		 614
900	 30		 666
901	 30		 704
902	 30		 563
903	 30		 536
904	 30		 608
905	 30		 700
906	 30		 767
907	 30		 804
908	 30		 795
909	 30		 552
910	 30		 580
911	 30		 653
912	 30		 712
913	 30		 742
914	 30		 720
915	 30		 559
916	 30		 559
917	 30		 598
918	 30		 641
919	 30		 675
920	 30		 683
921	 30		 506
922	 30		 555
923	 30		 664
924	 30		 767
925	 30		 829
926	 30		 848
927	 30		 585
928	 30		 599
929	 30		 639
930	 30		 684
931	 30		 712
932	 30		 700
933	 30		 524
934	 30		 515
935	 30		 555
936	 30		 618
937	 30		 670
938	 30		 705
939	 30		 525
940	 30		 539
941	 30		 613
942	 30		 709
943	 30		 778
944	 30		 806
945	 30		 792
946	 30		 551
947	 30		 589
948	 30		 661
949	 30		 717
950	 30		 741
951	 30		 717
952	 30		 558
953	 30		 563
954	 30		 606
955	 30		 648
956	 30		 680
957	 30		 684
958	 30		 511
959	 30		 566
960	 30		 680
961	 30		 782
962	 30		 838
963	 30		 854
964	 30		 587
965	 30		 604
966	 30		 649
967	 30		 690
968	 30		 713
969	 30		 696
970	 30		 527
971	 30		 517
972	 30		 567
973	 30		 628
974	 30		 678
975	 30		 711
976	 30		 523
977	 30		 548
978	 30		 632
979	 30		 721
980	 30		 785
981	 30		 809
982	 30		 697
983	 30		 556
984	 30		 601
985	 30		 675
986	 30		 728
987	 30		 747
988	 30		 553
989	 30		 562
990	 30		 573
991	 30		 613
992	 30		 658
993	 30		 685
994	 30		 680
995	 30		 515
996	 30		 590
997	 30		 708
998	 30		 800
999	 30		 849
1000	 30		 851
1001	 30		 592
1002	 30		 615
1003	 30		 661
1004	 30		 701
1005	 30		 717
1006	 30		 685
1007	 30		 528
1008	 30		 527
1009	 30		 582
1010	 30		 643
1011	 30		 691
1012	 30		 714
1013	 30		 526
1014	 30		 569
1015	 30		 661
1016	 30		 745
1017	 30		 795
1018	 30		 810
1019	 30		 552
1020	 30		 561
1021	 30		 623
1022	 30		 694
1023	 30		 738
1024	 30		 741
1025	 30		 562
1026	 30		 558
1027	 30		 585
1028	 30		 630
1029	 30		 672
1030	 30		 688
1031	 30		 505
1032	 30		 531
1033	 30		 625
1034	 30		 742
1035	 30		 817
1036	 30		 855
1037	 30		 590
1038	 30		 598
1039	 30		 627
1040	 30		 677
1041	 30		 711
1042	 30		 712
1043	 30		 567
1044	 30		 519
1045	 30		 544
1046	 30		 605
1047	 30		 661
1048	 30		 705
1049	 30		 712
1050	 30		 536
1051	 30		 600
1052	 30		 695
1053	 30		 768
1054	 30		 808
1055	 30		 807
1056	 30		 557
1057	 30		 579
1058	 30		 652
1059	 30		 717
1060	 30		 745
1061	 30		 730
1062	 30		 565
1063	 30		 562
1064	 30		 601
1065	 30		 649
1066	 30		 681
1067	 30		 689
1068	 30		 510
1069	 30		 563
1070	 30		 676
1071	 30		 777
1072	 30		 839
1073	 30		 860
1074	 30		 592
1075	 30		 609
1076	 30		 651
1077	 30		 693
1078	 30		 719
1079	 30		 701
1080	 30		 529
1081	 30		 518
1082	 30		 569
1083	 30		 630
1084	 30		 683
1085	 30		 713
1086	 30		 525
1087	 30		 553
1088	 30		 641
1089	 30		 732
1090	 30		 791
1091	 30		 815
1092	 30		 560
1093	 30		 559
1094	 30		 613
1095	 30		 686
1096	 30		 729
1097	 30		 745
1098	 30		 559
1099	 30		 565
1100	 30		 580
1101	 30		 624
1102	 30		 665
1103	 30		 689
1104	 30		 528
1105	 30		 525
1106	 30		 610
1107	 30		 726
1108	 30		 812
1109	 30		 859
1110	 30		 644
1111	 30		 595
1112	 30		 624
1113	 30		 675
1114	 30		 707
1115	 30		 717
1116	 30		 576
1117	 30		 523
1118	 30		 539
1119	 30		 597
1120	 30		 659
1121	 30		 702
1122	 30		 713
1123	 30		 534
1124	 30		 592
1125	 30		 688
1126	 30		 767
1127	 30		 809
1128	 30		 808
1129	 30		 556
1130	 30		 581
1131	 30		 651
1132	 30		 715
1133	 30		 745
1134	 30		 733
1135	 30		 563
1136	 30		 564
1137	 30		 603
1138	 30		 647
1139	 30		 680
1140	 30		 691
1141	 30		 511
1142	 30		 561
1143	 30		 674
1144	 30		 779
1145	 30		 842
1146	 30		 861
1147	 30		 592
1148	 30		 608
1149	 30		 650
1150	 30		 697
1151	 30		 717
1152	 30		 699
1153	 30		 529
1154	 30		 520
1155	 30		 571
1156	 30		 635
1157	 30		 685
1158	 30		 713
1159	 30		 525
1160	 30		 558
1161	 30		 644
1162	 30		 737
1163	 30		 796
1164	 30		 816
1165	 30		 557
1166	 30		 562
1167	 30		 619
1168	 30		 693
1169	 30		 737
1170	 30		 748
1171	 30		 564
1172	 30		 563
1173	 30		 584
1174	 30		 629
1175	 30		 670
1176	 30		 693
1177	 30		 512
1178	 30		 529
1179	 30		 622
1180	 30		 737
1181	 30		 822
1182	 30		 860
1183	 30		 594
1184	 30		 600
1185	 30		 632
1186	 30		 681
1187	 30		 714
1188	 30		 715
1189	 30		 523
1190	 30		 520
1191	 30		 547
1192	 30		 608
1193	 30		 669
1194	 30		 709
1195	 30		 715
1196	 30		 538
1197	 30		 609
1198	 30		 703
1199	 30		 779
1200	 30		 809
1201	 30		 807
1202	 30		 560
1203	 30		 591
1204	 30		 663
1205	 30		 725
1206	 30		 750
1207	 30		 724
1208	 30		 565
1209	 30		 570
1210	 30		 610
1211	 30		 656
1212	 30		 688
1213	 30		 693
1214	 30		 518
1215	 30		 582
1216	 30		 697
1217	 30		 797
1218	 30		 853
1219	 30		 856
1220	 30		 595
1221	 30		 614
1222	 30		 663
1223	 30		 704
1224	 30		 721
1225	 30		 693
1226	 30		 534
1227	 30		 528
1228	 30		 585
1229	 30		 647
1230	 30		 696
1231	 30		 717
1232	 30		 531
1233	 30		 574
1234	 30		 672
1235	 30		 753
1236	 30		 805
1237	 30		 813
1238	 30		 555
1239	 30		 571
1240	 30		 639
1241	 30		 708
1242	 30		 745
1243	 30		 743
1244	 30		 566
1245	 30		 563
1246	 30		 595
1247	 30		 641
1248	 30		 677
1249	 30		 695
1250	 30		 511
1251	 30		 546
1252	 30		 653
1253	 30		 768
1254	 30		 837
1255	 30		 862
1256	 30		 593
1257	 30		 608
1258	 30		 646
1259	 30		 690
1260	 30		 720
1261	 30		 709
1262	 30		 530
1263	 30		 518
1264	 30		 563
1265	 30		 629
1266	 30		 682
1267	 30		 713
1268	 30		 528
1269	 30		 550
1270	 30		 637
1271	 30		 731
1272	 30		 792
1273	 30		 816
1274	 30		 594
1275	 30		 561
1276	 30		 615
1277	 30		 687
1278	 30		 737
1279	 30		 752
1280	 30		 561
1281	 30		 565
1282	 30		 581
1283	 30		 627
1284	 30		 670
1285	 30		 695
1286	 30		 528
1287	 30		 527
1288	 30		 619
1289	 30		 734
1290	 30		 822
1291	 30		 859
1292	 30		 605
1293	 30		 596
1294	 30		 630
1295	 30		 683
1296	 30		 715
1297	 30		 717
1298	 30		 541
1299	 30		 520
1300	 30		 544
1301	 30		 609
1302	 30		 665
1303	 30		 709
1304	 30		 715
1305	 30		 540
1306	 30		 605
1307	 30		 699
1308	 30		 781
1309	 30		 817
1310	 30		 803
1311	 30		 561
1312	 30		 589
1313	 30		 669
1314	 30		 723
1315	 30		 751
1316	 30		 729
1317	 30		 565
1318	 30		 569
1319	 30		 611
1320	 30		 657
1321	 30		 685
1322	 30		 691
1323	 30		 518
1324	 30		 584
1325	 30		 701
1326	 30		 797
1327	 30		 853
1328	 30		 856
1329	 30		 599
1330	 30		 620
1331	 30		 669
1332	 30		 706
1333	 30		 721
1334	 30		 691
1335	 30		 533
1336	 30		 531
1337	 30		 590
1338	 30		 651
1339	 30		 699
1340	 30		 716
1341	 30		 531
1342	 30		 582
1343	 30		 679
1344	 30		 761
1345	 30		 808
1346	 30		 814
1347	 30		 560
1348	 30		 573
1349	 30		 645
1350	 30		 711
1351	 30		 751
1352	 30		 742
1353	 30		 567
1354	 30		 565
1355	 30		 600
1356	 30		 645
1357	 30		 683
1358	 30		 695
1359	 30		 512
1360	 30		 557
1361	 30		 667
1362	 30		 779
1363	 30		 842
1364	 30		 864
1365	 30		 594
1366	 30		 612
1367	 30		 656
1368	 30		 696
1369	 30		 721
1370	 30		 705
1371	 30		 532
1372	 30		 521
1373	 30		 573
1374	 30		 635
1375	 30		 687
1376	 30		 721
1377	 30		 528
1378	 30		 561
1379	 30		 653
1380	 30		 741
1381	 30		 801
1382	 30		 819
1383	 30		 558
1384	 30		 566
1385	 30		 625
1386	 30		 695
1387	 30		 745
1388	 30		 747
1389	 30		 565
1390	 30		 564
1391	 30		 589
1392	 30		 635
1393	 30		 672
1394	 30		 692
1395	 30		 509
1396	 30		 536
1397	 30		 638
1398	 30		 751
1399	 30		 828
1400	 30		 864
1401	 30		 593
1402	 30		 601
1403	 30		 637
1404	 30		 688
1405	 30		 718
1406	 30		 713
1407	 30		 528
1408	 30		 518
1409	 30		 559
1410	 30		 621
1411	 30		 676
1412	 30		 712
1413	 30		 530
1414	 30		 545
1415	 30		 626
1416	 30		 720
1417	 30		 787
1418	 30		 816
1419	 30		 745
1420	 30		 566
1421	 30		 606
1422	 30		 681
1423	 30		 734
1424	 30		 753
1425	 30		 559
1426	 30		 567
1427	 30		 579
1428	 30		 624
1429	 30		 663
1430	 30		 693
1431	 30		 689
1432	 30		 525
1433	 30		 609
1434	 30		 729
1435	 30		 816
1436	 30		 856
1437	 30		 627
1438	 30		 598
1439	 30		 627
1440	 30		 679
1441	 30		 711
1442	 30		 719
1443	 30		 467
1444	 30		 525
1445	 30		 544
1446	 30		 608
1447	 30		 665
1448	 30		 706
1449	 30		 717
1450	 30		 537
1451	 30		 605
1452	 30		 704
1453	 30		 779
1454	 30		 816
1455	 30		 810
1456	 30		 563
1457	 30		 590
1458	 30		 665
1459	 30		 723
1460	 30		 749
1461	 30		 729
1462	 30		 568
1463	 30		 571
1464	 30		 613
1465	 30		 655
1466	 30		 691
1467	 30		 694
1468	 30		 519
1469	 30		 587
1470	 30		 701
1471	 30		 801
1472	 30		 854
1473	 30		 861
1474	 30		 599
1475	 30		 621
1476	 30		 669
1477	 30		 711
1478	 30		 723
1479	 30		 693
1480	 30		 535
1481	 30		 531
1482	 30		 592
1483	 30		 655
1484	 30		 700
1485	 30		 720
1486	 30		 533
1487	 30		 584
1488	 30		 680
1489	 30		 764
1490	 30		 812
1491	 30		 814
1492	 30		 560
1493	 30		 577
1494	 30		 649
1495	 30		 715
1496	 30		 749
1497	 30		 741
1498	 30		 567
1499	 30		 565
1500	 30		 603
1501	 30		 649
1502	 30		 684
1503	 30		 696
1504	 30		 515
1505	 30		 563
1506	 30		 677
1507	 30		 785
1508	 30		 847
1509	 30		 863
1510	 30		 597
1511	 30		 614
1512	 30		 659
1513	 30		 704
1514	 30		 721
1515	 30		 704
1516	 30		 534
1517	 30		 524
1518	 30		 577
1519	 30		 641
1520	 30		 689
1521	 30		 717
1522	 30		 530
1523	 30		 565
1524	 30		 659
1525	 30		 746
1526	 30		 806
1527	 30		 819
1528	 30		 558
1529	 30		 566
1530	 30		 633
1531	 30		 704
1532	 30		 747
1533	 30		 747
1534	 30		 566
1535	 30		 563
1536	 30		 594
1537	 30		 640
1538	 30		 677
1539	 30		 697
1540	 30		 511
1541	 30		 546
1542	 30		 651
1543	 30		 761
1544	 30		 838
1545	 30		 866
1546	 30		 594
1547	 30		 605
1548	 30		 643
1549	 30		 692
1550	 30		 721
1551	 30		 710
1552	 30		 531
1553	 30		 520
1554	 30		 564
1555	 30		 628
1556	 30		 680
1557	 30		 715
1558	 30		 529
1559	 30		 553
1560	 30		 637
1561	 30		 729
1562	 30		 797
1563	 30		 819
1564	 30		 586
1565	 30		 563
1566	 30		 616
1567	 30		 691
1568	 30		 737
1569	 30		 754
1570	 30		 564
1571	 30		 565
1572	 30		 581
1573	 30		 629
1574	 30		 669
1575	 30		 696
1576	 30		 526
1577	 30		 531
1578	 30		 625
1579	 30		 740
1580	 30		 824
1581	 30		 863
1582	 30		 600
1583	 30		 603
1584	 30		 635
1585	 30		 681
1586	 30		 720
1587	 30		 718
1588	 30		 519
1589	 30		 520
1590	 30		 552
1591	 30		 614
1592	 30		 672
1593	 30		 712
1594	 30		 601
1595	 30		 545
1596	 30		 617
1597	 30		 715
1598	 30		 786
1599	 30		 819
1600	 30		 801
1601	 30		 567
1602	 30		 600
1603	 30		 676
1604	 30		 734
1605	 30		 755
1606	 30		 543
1607	 30		 567
1608	 30		 576
1609	 30		 621
1610	 30		 665
1611	 30		 691
1612	 30		 693
1613	 30		 524
1614	 30		 604
1615	 30		 721
1616	 30		 812
1617	 30		 862
1618	 30		 855
1619	 30		 601
1620	 30		 628
1621	 30		 675
1622	 30		 712
1623	 30		 723
1624	 30		 667
1625	 30		 529
1626	 30		 542
1627	 30		 603
1628	 30		 665
1629	 30		 711
1630	 30		 717
1631	 30		 537
1632	 30		 601
1633	 30		 697
1634	 30		 772
1635	 30		 819
1636	 30		 808
1637	 30		 562
1638	 30		 589
1639	 30		 663
1640	 30		 725
1641	 30		 753
1642	 30		 731
1643	 30		 569
1644	 30		 572
1645	 30		 613
1646	 30		 659
1647	 30		 689
1648	 30		 696
1649	 30		 518
1650	 30		 585
1651	 30		 702
1652	 30		 803
1653	 30		 857
1654	 30		 864
1655	 30		 600
1656	 30		 619
1657	 30		 668
1658	 30		 709
1659	 30		 723
1660	 30		 690
1661	 30		 536
1662	 30		 532
1663	 30		 594
1664	 30		 655
1665	 30		 703
1666	 30		 720
1667	 30		 534
1668	 30		 585
1669	 30		 684
1670	 30		 765
1671	 30		 815
1672	 30		 813
1673	 30		 560
1674	 30		 579
1675	 30		 653
1676	 30		 717
1677	 30		 751
1678	 30		 737
1679	 30		 568
1680	 30		 564
1681	 30		 603
1682	 30		 652
1683	 30		 688
1684	 30		 696
1685	 30		 516
1686	 30		 567
1687	 30		 685
1688	 30		 787
1689	 30		 849
1690	 30		 864
1691	 30		 595
1692	 30		 613
1693	 30		 661
1694	 30		 706
1695	 30		 723
1696	 30		 700
1697	 30		 535
1698	 30		 525
1699	 30		 583
1700	 30		 647
1701	 30		 694
1702	 30		 721
1703	 30		 531
1704	 100		 571
1705	 100		 665
1706	 100		 753
1707	 100		 807
1708	 100		 824
1709	 100		 565
1710	 100		 587
1711	 100		 667
1712	 100		 747
1713	 100		 789
1714	 100		 769
1715	 100		 599
1716	 100		 609
1717	 100		 662
1718	 100		 716
1719	 100		 749
1720	 100		 549
1721	 100		 606
1722	 100		 752
1723	 100		 880
1724	 100		 952
1725	 100		 668
1726	 100		 686
1727	 100		 741
1728	 100		 806
1729	 100		 827
1730	 100		 672
1731	 100		 592
1732	 100		 652
1733	 100		 736
1734	 100		 801
1735	 100		 604
1736	 100		 635
1737	 100		 770
1738	 100		 898
1739	 100		 964
1740	 100		 665
1741	 100		 679
1742	 100		 785
1743	 100		 878
1744	 100		 905
1745	 100		 677
1746	 100		 682
1747	 100		 747
1748	 100		 805
1749	 100		 829
1750	 100		 624
1751	 100		 783
1752	 100		 954
1753	 100		 1023
1754	 100		 736
1755	 100		 771
1756	 100		 845
1757	 100		 904
1758	 100		 881
1759	 100		 649
1760	 100		 695
1761	 100		 791
1762	 100		 869
1763	 100		 629
1764	 100		 717
1765	 100		 881
1766	 100		 999
1767	 100		 1023
1768	 100		 711
1769	 100		 814
1770	 100		 925
1771	 100		 957
1772	 100		 715
1773	 100		 725
1774	 100		 800
1775	 100		 864
1776	 100		 617
1777	 100		 708
1778	 100		 913
1779	 100		 1023
1780	 100		 811
1781	 100		 792
1782	 100		 867
1783	 100		 935
1784	 100		 927
1785	 100		 686
1786	 100		 730
1787	 100		 835
1788	 100		 912
1789	 100		 659
1790	 100		 778
1791	 100		 956
1792	 100		 1023
1793	 100		 727
1794	 100		 767
1795	 100		 899
1796	 100		 985
1797	 100		 729
1798	 100		 725
1799	 100		 791
1800	 100		 864
1801	 100		 728
1802	 100		 683
1803	 100		 891
1804	 100		 1023
1805	 100		 1023
1806	 100		 809
1807	 100		 885
1808	 100		 957
1809	 100		 949
1810	 100		 694
1811	 100		 756
1812	 100		 857
1813	 100		 931
1814	 100		 680
1815	 100		 829
1816	 100		 1003
1817	 100		 1023
1818	 100		 754
1819	 100		 832
1820	 100		 962
1821	 100		 1009
1822	 100		 748
1823	 100		 762
1824	 100		 841
1825	 100		 904
1826	 100		 651
1827	 100		 800
1828	 100		 1023
1829	 100		 1023
1830	 100		 801
1831	 100		 864
1832	 100		 953
1833	 100		 985
1834	 100		 727
1835	 100		 732
1836	 100		 843
1837	 100		 928
1838	 100		 672
1839	 100		 799
1840	 100		 992
1841	 100		 1023
1842	 100		 754
1843	 100		 817
1844	 100		 959
1845	 100		 1019
1846	 100		 755
1847	 100		 762
1848	 100		 840
1849	 100		 908
1850	 100		 647
1851	 100		 802
1852	 100		 1023
1853	 100		 1023
1854	 100		 812
1855	 100		 876
1856	 100		 965
1857	 100		 989
1858	 100		 734
1859	 100		 749
1860	 100		 864
1861	 100		 937
1862	 100		 685
1863	 100		 835
1864	 100		 1021
1865	 100		 1023
1866	 100		 768
1867	 100		 854
1868	 100		 987
1869	 100		 1021
1870	 100		 763
1871	 100		 784
1872	 100		 870
1873	 100		 919
1874	 100		 673
1875	 100		 873
1876	 100		 1023
1877	 100		 1023
1878	 100		 831
1879	 100		 909
1880	 100		 995
1881	 100		 729
1882	 100		 711
1883	 100		 790
1884	 100		 900
1885	 100		 954
1886	 100		 723
1887	 100		 914
1888	 100		 1023
1889	 100		 768
1890	 100		 781
1891	 100		 916
1892	 100		 1022
1893	 100		 741
1894	 100		 757
1895	 100		 822
1896	 100		 901
1897	 100		 648
1898	 100		 747
1899	 100		 984
1900	 100		 1023
1901	 100		 814
1902	 100		 861
1903	 100		 960
1904	 100		 1008
1905	 100		 736
1906	 100		 743
1907	 100		 853
1908	 100		 943
1909	 100		 682
1910	 100		 817
1911	 100		 1015
1912	 100		 1023
1913	 100		 771
1914	 100		 852
1915	 100		 993
1916	 100		 1023
1917	 100		 767
1918	 100		 788
1919	 100		 869
1920	 100		 924
1921	 100		 679
1922	 100		 882
1923	 100		 1023
1924	 100		 1023
1925	 100		 839
1926	 100		 925
1927	 100		 1000
1928	 100		 721
1929	 100		 724
1930	 100		 811
1931	 100		 918
1932	 100		 680
1933	 100		 746
1934	 100		 949
1935	 100		 1023
1936	 100		 759
1937	 100		 800
1938	 100		 946
1939	 100		 1023
1940	 100		 763
1941	 100		 764
1942	 100		 845
1943	 100		 914
1944	 100		 657
1945	 100		 802
1946	 100		 1023
1947	 100		 1023
1948	 100		 821
1949	 100		 888
1950	 100		 985
1951	 100		 1001
1952	 100		 743
1953	 100		 774
1954	 100		 884
1955	 100		 960
1956	 100		 707
1957	 100		 881
1958	 100		 1023
1959	 100		 1023
1960	 100		 773
1961	 100		 904
1962	 100		 1021
1963	 100		 892
1964	 100		 760
1965	 100		 821
1966	 100		 905
1967	 100		 785
1968	 100		 739
1969	 100		 977
1970	 100		 1023
1971	 100		 816
1972	 100		 861
1973	 100		 965
1974	 100		 1013
1975	 100		 741
1976	 100		 745
1977	 100		 861
1978	 100		 947
1979	 100		 685
1980	 100		 828
1981	 100		 1023
1982	 100		 1023
1983	 100		 779
1984	 100		 864
1985	 100		 1001
1986	 100		 1023
1987	 100		 771
1988	 100		 796
1989	 100		 885
1990	 100		 929
1991	 100		 696
1992	 100		 915
1993	 100		 1023
1994	 100		 903
1995	 100		 849
1996	 100		 940
1997	 100		 1007
1998	 100		 736
1999	 100		 730
2000	 100		 831
2001	 100		 933
2002	 100		 672
2003	 100		 780
2004	 100		 979
2005	 100		 1023
2006	 100		 764
2007	 100		 833
2008	 100		 979
2009	 100		 1023
2010	 100		 771
2011	 100		 778
2012	 100		 867
2013	 100		 931
2014	 100		 676
2015	 100		 861
2016	 100		 1023
2017	 100		 1023
2018	 100		 838
2019	 100		 914
2020	 100		 1003
2021	 100		 747
2022	 100		 721
2023	 100		 804
2024	 100		 917
2025	 100		 775
2026	 100		 742
2027	 100		 943
2028	 100		 1023
2029	 100		 759
2030	 100		 800
2031	 100		 945
2032	 100		 1023
2033	 100		 768
2034	 100		 767
2035	 100		 845
2036	 100		 917
2037	 100		 660
2038	 100		 803
2039	 100		 1023
2040	 100		 1023
2041	 100		 828
2042	 100		 895
2043	 100		 993
2044	 100		 1001
2045	 100		 737
2046	 100		 779
2047	 100		 891
2048	 100		 961
2049	 100		 713
2050	 100		 896
2051	 100		 1023
2052	 100		 1023
2053	 100		 783
2054	 100		 915
2055	 100		 1023
2056	 100		 777
2057	 100		 761
2058	 100		 829
2059	 100		 907
2060	 100		 651
2061	 100		 757
2062	 100		 1000
2063	 100		 1023
2064	 100		 819
2065	 100		 872
2066	 100		 976
2067	 100		 1013
2068	 100		 741
2069	 100		 755
2070	 100		 871
2071	 100		 957
2072	 100		 696
2073	 100		 852
2074	 100		 1023
2075	 100		 1023
2076	 100		 771
2077	 100		 886
2078	 100		 1018
2079	 100		 1023
2080	 100		 768
2081	 100		 814
2082	 100		 901
2083	 100		 907
2084	 100		 720
2085	 100		 958
2086	 100		 1023
2087	 100		 819
2088	 100		 859
2089	 100		 960
2090	 100		 1013
2091	 100		 737
2092	 100		 738
2093	 100		 853
2094	 100		 948
2095	 100		 680
2096	 100		 817
2097	 100		 1013
2098	 100		 1023
2099	 100		 775
2100	 100		 860
2101	 100		 1001
2102	 100		 1023
2103	 100		 776
2104	 100		 796
2105	 100		 883
2106	 100		 930
2107	 100		 693
2108	 100		 909
2109	 100		 1023
2110	 100		 843
2111	 100		 851
2112	 100		 939
2113	 100		 1010
2114	 100		 737
2115	 100		 729
2116	 100		 830
2117	 100		 933
2118	 100		 675
2119	 100		 780
2120	 100		 980
2121	 100		 1023
2122	 100		 767
2123	 100		 830
2124	 100		 981
2125	 100		 1023
2126	 100		 773
2127	 100		 784
2128	 100		 869
2129	 100		 929
2130	 100		 674
2131	 100		 864
2132	 100		 1023
2133	 100		 1023
2134	 100		 839
2135	 100		 921
2136	 100		 1005
2137	 100		 768
2138	 100		 726
2139	 100		 807
2140	 100		 917
2141	 100		 698
2142	 100		 744
2143	 100		 949
2144	 100		 1023
2145	 100		 763
2146	 100		 805
2147	 100		 953
2148	 100		 1023
2149	 100		 773
2150	 100		 771
2151	 100		 851
2152	 100		 923
2153	 100		 664
2154	 100		 816
2155	 100		 1023
2156	 100		 1023
2157	 100		 829
2158	 100		 904
2159	 100		 993
2160	 100		 1000
2161	 100		 729
2162	 100		 783
2163	 100		 898
2164	 100		 965
2165	 100		 720
2166	 100		 909
2167	 100		 1023
2168	 100		 823
2169	 100		 784
2170	 100		 928
2171	 100		 1023
2172	 100		 766
2173	 100		 767
2174	 100		 833
2175	 100		 913
2176	 100		 648
2177	 100		 771
2178	 100		 1010
2179	 100		 1023
2180	 100		 823
2181	 100		 883
2182	 100		 981
2183	 100		 1009
2184	 100		 743
2185	 100		 766
2186	 100		 877
2187	 100		 957
2188	 100		 704
2189	 100		 870
2190	 100		 1023
2191	 100		 1023
2192	 100		 776
2193	 100		 896
2194	 100		 1023
2195	 100		 619
2196	 100		 764
2197	 100		 816
2198	 100		 903
2199	 100		 713
2200	 100		 733
2201	 100		 967
2202	 100		 1023
2203	 100		 817
2204	 100		 865
2205	 100		 964
2206	 100		 1014
2207	 100		 741
2208	 100		 746
2209	 100		 856
2210	 100		 951
2211	 100		 686
2212	 100		 828
2213	 100		 1021
2214	 100		 1023
2215	 100		 779
2216	 100		 867
2217	 100		 1007
2218	 100		 1023
2219	 100		 773
2220	 100		 799
2221	 100		 890
2222	 100		 931
2223	 100		 699
2224	 100		 917
2225	 100		 1023
2226	 100		 907
2227	 100		 849
2228	 100		 947
2229	 100		 1009
2230	 100		 737
2231	 100		 731
2232	 100		 835
2233	 100		 937
2234	 100		 675
2235	 100		 789
2236	 100		 995
2237	 100		 1023
2238	 100		 771
2239	 100		 839
2240	 100		 980
2241	 100		 1023
2242	 100		 773
2243	 100		 784
2244	 100		 872
2245	 100		 929
2246	 100		 681
2247	 100		 873
2248	 100		 1023
2249	 100		 1023
2250	 100		 842
2251	 100		 923
2252	 100		 1007
2253	 100		 677
2254	 100		 723
2255	 100		 813
2256	 100		 919
2257	 100		 673
2258	 100		 753
2259	 100		 957
2260	 100		 1023
2261	 100		 758
2262	 100		 812
2263	 100		 956
2264	 100		 1023
2265	 100		 769
2266	 100		 773
2267	 100		 856
2268	 100		 928
2269	 100		 657
2270	 100		 826
2271	 100		 1023
2272	 100		 1023
2273	 100		 830
2274	 100		 905
2275	 100		 999
2276	 100		 995
2277	 100		 727
2278	 100		 785
2279	 100		 901
2280	 100		 959
2281	 100		 724
2282	 100		 915
2283	 100		 1023
2284	 100		 777
2285	 100		 789
2286	 100		 931
2287	 100		 1023
2288	 100		 761
2289	 100		 765
2290	 100		 837
2291	 100		 912
2292	 100		 651
2293	 100		 777
2294	 100		 1019
2295	 100		 1023
2296	 100		 826
2297	 100		 883
2298	 100		 983
2299	 100		 1009
2300	 100		 743
2301	 100		 765
2302	 100		 880
2303	 100		 959
2304	 100		 701
2305	 100		 872
2306	 100		 1023
2307	 100		 1023
2308	 100		 776
2309	 100		 898
2310	 100		 1023
2311	 100		 744
2312	 100		 765
2313	 100		 823
2314	 100		 905
2315	 100		 755
2316	 100		 732
2317	 100		 970
2318	 100		 1023
2319	 100		 816
2320	 100		 864
2321	 100		 963
2322	 100		 1013
2323	 100		 740
2324	 100		 743
2325	 100		 855
2326	 100		 947
2327	 100		 685
2328	 100		 827
2329	 100		 1023
2330	 100		 1023
2331	 100		 778
2332	 100		 865
2333	 100		 1006
2334	 100		 1023
2335	 100		 775
2336	 100		 802
2337	 100		 890
2338	 100		 929
2339	 100		 697
2340	 100		 923
2341	 100		 1023
2342	 100		 915
2343	 100		 853
2344	 100		 947
2345	 100		 1010
2346	 100		 736
2347	 100		 729
2348	 100		 833
2349	 100		 933
2350	 100		 673
2351	 100		 785
2352	 100		 987
2353	 100		 1023
2354	 100		 767
2355	 100		 837
2356	 100		 978
2357	 100		 1023
2358	 100		 776
2359	 100		 786
2360	 100		 869
2361	 100		 931
2362	 100		 679
2363	 100		 868
2364	 100		 1023
2365	 100		 1023
2366	 100		 838
2367	 100		 920
2368	 100		 1003
2369	 100		 768
2370	 100		 719
2371	 100		 804
2372	 100		 915
2373	 100		 688
2374	 100		 744
2375	 100		 944
2376	 100		 1023
2377	 100		 762
2378	 100		 808
2379	 100		 951
2380	 100		 1023
2381	 100		 773
2382	 100		 771
2383	 100		 852
2384	 100		 923
2385	 100		 658
2386	 100		 811
2387	 100		 1023
2388	 100		 1023
2389	 100		 830
2390	 100		 897
2391	 100		 992
2392	 100		 998
2393	 100		 733
2394	 100		 783
2395	 100		 891
2396	 100		 957
2397	 100		 712
2398	 100		 899
2399	 100		 1023
2400	 100		 1023
2401	 100		 785
2402	 100		 917
2403	 100		 1023
2404	 100		 736
2405	 100		 761
2406	 100		 832
2407	 100		 913
2408	 100		 651
2409	 100		 761
2410	 100		 999
2411	 100		 1023
2412	 100		 821
2413	 100		 874
2414	 100		 974
2415	 100		 1009
2416	 100		 741
2417	 100		 753
2418	 100		 866
2419	 100		 955
2420	 100		 691
2421	 100		 853
2422	 100		 1023
2423	 100		 1023
2424	 100		 776
2425	 100		 883
2426	 100		 1012
2427	 100		 1023
2428	 100		 777
2429	 100		 811
2430	 100		 899
2431	 100		 932
2432	 100		 716
2433	 100		 947
2434	 100		 1023
2435	 100		 861
2436	 100		 856
2437	 100		 955
2438	 100		 1011
2439	 100		 739
2440	 100		 732
2441	 100		 843
2442	 100		 943
2443	 100		 677
2444	 100		 803
2445	 100		 1005
2446	 100		 1023
2447	 100		 775
2448	 100		 853
2449	 100		 995
2450	 100		 1023
2451	 100		 775
2452	 100		 796
2453	 100		 884
2454	 100		 932
2455	 100		 687
2456	 100		 900
2457	 100		 1023
2458	 100		 1023
2459	 100		 847
2460	 100		 937
2461	 100		 1007
2462	 100		 789
2463	 100		 723
2464	 100		 819
2465	 100		 924
2466	 100		 667
2467	 100		 761
2468	 100		 963
2469	 100		 1023
2470	 100		 764
2471	 100		 821
2472	 100		 972
2473	 100		 1023
2474	 100		 772
2475	 100		 782
2476	 100		 866
2477	 100		 928
2478	 100		 671
2479	 100		 848
2480	 100		 1023
2481	 100		 1023
2482	 100		 832
2483	 100		 910
2484	 100		 997
2485	 100		 991
2486	 100		 721
2487	 100		 794
2488	 100		 907
2489	 100		 955
2490	 100		 730
2491	 100		 929
2492	 100		 1023
2493	 100		 763
2494	 100		 799
2495	 100		 944
2496	 100		 1023
2497	 100		 767
2498	 100		 773
2499	 100		 846
2500	 100		 921
2501	 100		 659
2502	 100		 793
2503	 100		 1023
2504	 100		 1023
2505	 100		 821
2506	 100		 888
2507	 100		 987
2508	 100		 1004
2509	 100		 731
2510	 100		 767
2511	 100		 885
2512	 100		 956
2513	 100		 705
2514	 100		 885
2515	 100		 1023
2516	 100		 1023
2517	 100		 780
2518	 100		 912
2519	 100		 1023
2520	 100		 691
2521	 100		 768
2522	 100		 827
2523	 100		 913
2524	 100		 662
2525	 100		 750
2526	 100		 995
2527	 100		 1023
2528	 100		 821
2529	 100		 869
2530	 100		 972
2531	 100		 1013
2532	 100		 743
2533	 100		 746
2534	 100		 861
2535	 100		 952
2536	 100		 688
2537	 100		 840
2538	 100		 1023
2539	 100		 1023
2540	 100		 774
2541	 100		 883
2542	 100		 1008
2543	 100		 1023
2544	 100		 776
2545	 100		 811
2546	 100		 898
2547	 100		 932
2548	 100		 712
2549	 100		 943
2550	 100		 1023
2551	 100		 823
2552	 100		 853
2553	 100		 953
2554	 100		 1012
2555	 100		 736
2556	 100		 727
2557	 100		 840
2558	 100		 936
2559	 100		 674
2560	 100		 796
2561	 100		 998
2562	 100		 1023
2563	 100		 773
2564	 100		 846
2565	 100		 993
2566	 100		 1023
2567	 100		 777
2568	 100		 795
2569	 100		 881
2570	 100		 933
2571	 100		 685
2572	 100		 887
2573	 100		 1023
2574	 100		 1023
2575	 100		 841
2576	 100		 932
2577	 100		 1010
2578	 100		 704
2579	 100		 719
2580	 100		 813
2581	 100		 922
2582	 100		 664
2583	 100		 755
2584	 100		 962
2585	 100		 1023
2586	 100		 764
2587	 100		 819
2588	 100		 964
2589	 100		 1023
2590	 100		 772
2591	 100		 776
2592	 100		 859
2593	 100		 931
2594	 100		 663
2595	 100		 837
2596	 100		 1023
2597	 100		 1023
2598	 100		 833
2599	 100		 909
2600	 100		 1000
2601	 100		 993
2602	 100		 724
2603	 100		 790
2604	 100		 903
2605	 100		 961
2606	 100		 727
2607	 100		 923
2608	 100		 1023
2609	 100		 767
2610	 100		 793
2611	 100		 939
2612	 100		 1023
2613	 100		 767
2614	 100		 767
2615	 100		 845
2616	 100		 923
2617	 100		 657
2618	 100		 789
2619	 100		 1023
2620	 100		 1023
2621	 100		 825
2622	 100		 887
2623	 100		 985
2624	 100		 1007
2625	 100		 741
2626	 100		 768
2627	 100		 884
2628	 100		 960
2629	 100		 705
2630	 100		 880
2631	 100		 1023
2632	 100		 1023
2633	 100		 776
2634	 100		 905
2635	 100		 1023
2636	 100		 904
2637	 100		 766
2638	 100		 823
2639	 100		 907
2640	 100		 673
2641	 100		 745
2642	 100		 985
2643	 100		 1023
2644	 100		 818
2645	 100		 867
2646	 100		 967
2647	 100		 1013
2648	 100		 744
2649	 100		 747
2650	 100		 865
2651	 100		 953
2652	 100		 688
2653	 100		 836
2654	 100		 1023
2655	 100		 1023
2656	 100		 779
2657	 100		 875
2658	 100		 1016
2659	 100		 1023
2660	 100		 776
2661	 100		 808
2662	 100		 896
2663	 100		 928
2664	 100		 707
2665	 100		 936
2666	 100		 1023
2667	 100		 832
2668	 100		 856
2669	 100		 947
2670	 100		 1011
2671	 100		 739
2672	 100		 731
2673	 100		 842
2674	 100		 940
2675	 100		 676
2676	 100		 796
2677	 100		 1000
2678	 100		 1023
2679	 100		 773
2680	 100		 845
2681	 100		 986
2682	 100		 1023
2683	 100		 777
2684	 100		 789
2685	 100		 873
2686	 100		 931
2687	 100		 678
2688	 100		 880
2689	 100		 1023
2690	 100		 1023
2691	 100		 843
2692	 100		 928
2693	 100		 1005
2694	 100		 707
2695	 100		 721
2696	 100		 816
2697	 100		 924
2698	 100		 665
2699	 100		 757
2700	 100		 962
2701	 100		 1023
2702	 100		 761
2703	 100		 817
2704	 100		 962
2705	 100		 1023
2706	 100		 774
2707	 100		 777
2708	 100		 861
2709	 100		 929
2710	 100		 667
2711	 100		 835
2712	 100		 1023
2713	 100		 1023
2714	 100		 835
2715	 100		 911
2716	 100		 997
2717	 100		 989
2718	 100		 722
2719	 100		 793
2720	 100		 904
2721	 100		 959
2722	 100		 729
2723	 100		 922
2724	 100		 1023
2725	 100		 807
2726	 100		 797
2727	 100		 937
2728	 100		 1023
2729	 100		 765
2730	 100		 765
2731	 100		 845
2732	 100		 920
2733	 100		 653
2734	 100		 790
2735	 100		 1023
2736	 100		 1023
2737	 100		 827
2738	 100		 890
2739	 100		 986
2740	 100		 1004
2741	 100		 744
2742	 100		 770
2743	 100		 888
2744	 100		 960
2745	 100		 706
2746	 100		 888
2747	 100		 1023
2748	 100		 1023
2749	 100		 778
2750	 100		 909
2751	 100		 1023
2752	 100		 689
2753	 100		 764
2754	 100		 828
2755	 100		 906
2756	 100		 663
2757	 100		 749
2758	 100		 986
2759	 100		 1023
2760	 100		 820
2761	 100		 870
2762	 100		 970
2763	 100		 1010
2764	 100		 741
2765	 100		 750
2766	 100		 864
2767	 100		 952
2768	 100		 690
2769	 100		 843
2770	 100		 1023
2771	 100		 1023
2772	 100		 779
2773	 100		 877
2774	 100		 1016
2775	 100		 1023
2776	 100		 771
2777	 100		 809
2778	 100		 896
2779	 100		 929
2780	 100		 711
2781	 100		 938
2782	 100		 1023
2783	 100		 825
2784	 100		 857
2785	 100		 952
2786	 100		 1017
2787	 100		 739
2788	 100		 736
2789	 100		 842
2790	 100		 939
2791	 100		 680
2792	 100		 805
2793	 100		 1004
2794	 100		 1023
2795	 100		 777
2796	 100		 853
2797	 100		 987
2798	 100		 1023
2799	 100		 776
2800	 100		 799
2801	 100		 880
2802	 100		 933
2803	 100		 685
2804	 100		 895
2805	 100		 1023
2806	 100		 1023
2807	 100		 845
2808	 100		 935
2809	 100		 1008
2810	 100		 787
2811	 100		 723
2812	 100		 819
2813	 100		 928
2814	 100		 664
2815	 100		 765
2816	 100		 972
2817	 100		 1023
2818	 100		 766
2819	 100		 821
2820	 100		 969
2821	 100		 1023
2822	 100		 773
2823	 100		 778
2824	 100		 864
2825	 100		 928
2826	 100		 672
2827	 100		 848
2828	 100		 1023
2829	 100		 1023
2830	 100		 837
2831	 100		 913
2832	 100		 1003
2833	 100		 990
2834	 100		 720
2835	 100		 800
2836	 100		 907
2837	 100		 962
2838	 100		 736
2839	 100		 929
2840	 100		 1023
2841	 100		 767
2842	 100		 799
2843	 100		 943
2844	 100		 1023
2845	 100		 771
2846	 100		 769
2847	 100		 849
2848	 100		 922
2849	 100		 659
2850	 100		 800
2851	 100		 1023
2852	 100		 1023
2853	 100		 829
2854	 100		 893
2855	 100		 992
2856	 100		 1005
2857	 100		 736
2858	 100		 775
2859	 100		 889
2860	 100		 960
2861	 100		 709
2862	 100		 894
2863	 100		 1023
2864	 100		 1023
2865	 100		 786
2866	 100		 919
2867	 100		 1023
2868	 100		 833
2869	 100		 765
2870	 100		 831
2871	 100		 913
2872	 100		 650
2873	 100		 757
2874	 100		 1002
2875	 100		 1023
2876	 100		 819
2877	 100		 880
2878	 100		 975
2879	 100		 1011
2880	 100		 742
2881	 100		 757
2882	 100		 873
2883	 100		 955
2884	 100		 695
2885	 100		 855
2886	 100		 1023
2887	 100		 1023
2888	 100		 773
2889	 100		 888
2890	 100		 1021
2891	 100		 1023
2892	 100		 773
2893	 100		 817
2894	 100		 899
2895	 100		 723
2896	 100		 727
2897	 100		 963
2898	 100		 1023
2899	 100		 821
2900	 100		 860
2901	 100		 959
2902	 100		 1012
2903	 100		 740
2904	 100		 740
2905	 100		 849
2906	 100		 945
2907	 100		 684
2908	 100		 819
2909	 100		 1015
2910	 100		 1023
2911	 100		 779
2912	 100		 864
2913	 100		 1000
2914	 100		 1023
2915	 100		 778
2916	 100		 800
2917	 100		 882
2918	 100		 931
2919	 100		 695
2920	 100		 915
2921	 100		 1023
2922	 100		 868
2923	 100		 852
2924	 100		 941
2925	 100		 1011
2926	 100		 735
2927	 100		 727
2928	 100		 832
2929	 100		 934
2930	 100		 673
2931	 100		 785
2932	 100		 988
2933	 100		 1023
2934	 100		 767
2935	 100		 835
2936	 100		 979
2937	 100		 1023
2938	 100		 776
2939	 100		 789
2940	 100		 875
2941	 100		 930
2942	 100		 679
2943	 100		 870
2944	 100		 1023
2945	 100		 1023
2946	 100		 841
2947	 100		 928
2948	 100		 1008
2949	 100		 652
2950	 100		 720
2951	 100		 811
2952	 100		 918
2953	 100		 674
2954	 100		 753
2955	 100		 955
2956	 100		 1023
2957	 100		 765
2958	 100		 811
2959	 100		 960
2960	 100		 1023
2961	 100		 775
2962	 100		 776
2963	 100		 860
2964	 100		 925
2965	 100		 659
2966	 100		 827
2967	 100		 1023
2968	 100		 1023
2969	 100		 834
2970	 100		 905
2971	 100		 995
2972	 100		 995
2973	 100		 722
2974	 100		 789
2975	 100		 899
2976	 100		 961
2977	 100		 724
2978	 100		 920
2979	 100		 1023
2980	 100		 773
2981	 100		 790
2982	 100		 935
2983	 100		 1023
2984	 100		 767
2985	 100		 773
2986	 100		 841
2987	 100		 921
2988	 100		 656
2989	 100		 786
2990	 100		 1023
2991	 100		 1023
2992	 100		 825
2993	 100		 889
2994	 100		 985
2995	 100		 1008
2996	 100		 742
2997	 100		 767
2998	 100		 883
2999	 100		 963
3000	 100		 705
3001	 100		 880
3002	 100		 1023
3003	 100		 1023
3004	 100		 781
3005	 100		 908
3006	 100		 1023
3007	 100		 676
3008	 100		 767
3009	 100		 827
3010	 100		 909
3011	 100		 663
3012	 100		 745
3013	 100		 986
3014	 100		 1023
3015	 100		 821
3016	 100		 871
3017	 100		 969
3018	 100		 1015
3019	 100		 740
3020	 100		 749
3021	 100		 865
3022	 100		 949
3023	 100		 691
3024	 100		 844
3025	 100		 1023
3026	 100		 1023
3027	 100		 775
3028	 100		 880
3029	 100		 1013
3030	 100		 1023
3031	 100		 777
3032	 100		 811
3033	 100		 897
3034	 100		 934
3035	 100		 715
3036	 100		 947
3037	 100		 1023
3038	 100		 851
3039	 100		 855
3040	 100		 951
3041	 100		 1014
3042	 100		 737
3043	 100		 732
3044	 100		 845
3045	 100		 941
3046	 100		 680
3047	 100		 806
3048	 100		 1011
3049	 100		 1023
3050	 100		 776
3051	 100		 854
3052	 100		 993
3053	 100		 1023
3054	 100		 777
3055	 100		 800
3056	 100		 880
3057	 100		 934
3058	 100		 686
3059	 100		 899
3060	 100		 1023
3061	 100		 1023
3062	 100		 847
3063	 100		 933
3064	 100		 1005
3065	 100		 792
3066	 100		 721
3067	 100		 820
3068	 100		 925
3069	 100		 669
3070	 100		 769
3071	 100		 971
3072	 100		 1023
3073	 100		 767
3074	 100		 824
3075	 100		 971
3076	 100		 1023
3077	 100		 777
3078	 100		 784
3079	 100		 869
3080	 100		 933
3081	 100		 673
3082	 100		 853
3083	 100		 1023
3084	 100		 1023
3085	 100		 833
3086	 100		 915
3087	 100		 1002
3088	 100		 986
3089	 100		 715
3090	 100		 800
3091	 100		 909
3092	 100		 959
3093	 100		 737
3094	 100		 934
3095	 100		 1023
3096	 100		 763
3097	 100		 798
3098	 100		 948
3099	 100		 1023
3100	 100		 772
3101	 100		 773
3102	 100		 849
3103	 100		 920
3104	 100		 659
3105	 100		 801
3106	 0		 1023
3107	 0		 1023
3108	 0		 825
3109	 0		 895
3110	 0		 987
3111	 0		 1001
3112	 0		 736
3113	 0		 767
3114	 0		 877
3115	 0		 949
3116	 0		 699
3117	 0		 868
3118	 0		 1023
3119	 0		 1023
3120	 0		 767
3121	 0		 883
3122	 0		 1005
3123	 0		 1016
3124	 0		 760
3125	 0		 798
3126	 0		 880
3127	 0		 917
3128	 0		 685
3129	 0		 893
3130	 0		 1023
3131	 0		 1023
3132	 0		 821
3133	 0		 901
3134	 0		 977
3135	 0		 907
3136	 0		 694
3137	 0		 768
3138	 0		 873
3139	 0		 931
3140	 0		 688
3141	 0		 857
3142	 0		 1021
3143	 0		 1023
3144	 0		 747
3145	 0		 843
3146	 0		 966
3147	 0		 998
3148	 0		 747
3149	 0		 763
3150	 0		 843
3151	 0		 896
3152	 0		 645
3153	 0		 787
3154	 0		 994
3155	 0		 1023
3156	 0		 780
3157	 0		 825
3158	 0		 918
3159	 0		 955
3160	 0		 697
3161	 0		 687
3162	 0		 783
3163	 0		 876
3164	 0		 736
3165	 0		 696
3166	 0		 864
3167	 0		 1008
3168	 0		 1023
3169	 0		 727
3170	 0		 821
3171	 0		 935
3172	 0		 977
3173	 0		 728
3174	 0		 731
3175	 0		 805
3176	 0		 867
3177	 0		 620
3178	 0		 708
3179	 0		 910
3180	 0		 1023
3181	 0		 1023
3182	 0		 780
3183	 0		 848
3184	 0		 917
3185	 0		 916
3186	 0		 685
3187	 0		 698
3188	 0		 793
3189	 0		 872
3190	 0		 635
3191	 0		 706
3192	 0		 873
3193	 0		 997
3194	 0		 1023
3195	 0		 705
3196	 0		 794
3197	 0		 906
3198	 0		 947
3199	 0		 707
3200	 0		 703
3201	 0		 766
3202	 0		 830
3203	 0		 849
3204	 0		 645
3205	 0		 815
3206	 0		 983
3207	 0		 1023
3208	 0		 740
3209	 0		 784
3210	 0		 856
3211	 0		 899
3212	 0		 704
3213	 0		 638
3214	 0		 699
3215	 0		 794
3216	 0		 859
3217	 0		 623
3218	 0		 704
3219	 0		 858
3220	 0		 976
3221	 0		 1001
3222	 0		 682
3223	 0		 759
3224	 0		 867
3225	 0		 921
3226	 0		 681
3227	 0		 676
3228	 0		 726
3229	 0		 791
3230	 0		 827
3231	 0		 601
3232	 0		 704
3233	 0		 883
3234	 0		 1005
3235	 0		 1023
3236	 0		 727
3237	 0		 779
3238	 0		 846
3239	 0		 875
3240	 0		 631
3241	 0		 615
3242	 0		 685
3243	 0		 769
3244	 0		 832
3245	 0		 603
3246	 0		 672
3247	 0		 814
3248	 0		 925
3249	 0		 969
3250	 0		 662
3251	 0		 696
3252	 0		 802
3253	 0		 879
3254	 0		 875
3255	 0		 661
3256	 0		 670
3257	 0		 731
3258	 0		 785
3259	 0		 799
3260	 0		 597
3261	 0		 720
3262	 0		 883
3263	 0		 983
3264	 0		 995
3265	 0		 704
3266	 0		 749
3267	 0		 817
3268	 0		 843
3269	 0		 563
3270	 0		 594
3271	 0		 642
3272	 0		 722
3273	 0		 789
3274	 0		 809
3275	 0		 609
3276	 0		 720
3277	 0		 845
3278	 0		 921
3279	 0		 928
3280	 0		 635
3281	 0		 699
3282	 0		 794
3283	 0		 849
3284	 0		 838
3285	 0		 636
3286	 0		 648
3287	 0		 703
3288	 0		 757
3289	 0		 776
3290	 0		 573
3291	 0		 662
3292	 0		 812
3293	 0		 921
3294	 0		 964
3295	 0		 667
3296	 0		 690
3297	 0		 753
3298	 0		 798
3299	 0		 800
3300	 0		 591
3301	 0		 571
3302	 0		 635
3303	 0		 711
3304	 0		 771
3305	 0		 783
3306	 0		 589
3307	 0		 689
3308	 0		 805
3309	 0		 880
3310	 0		 899
3311	 0		 611
3312	 0		 637
3313	 0		 729
3314	 0		 794
3315	 0		 818
3316	 0		 611
3317	 0		 607
3318	 0		 640
3319	 0		 694
3320	 0		 736
3321	 0		 744
3322	 0		 555
3323	 0		 649
3324	 0		 786
3325	 0		 885
3326	 0		 929
3327	 0		 636
3328	 0		 653
3329	 0		 703
3330	 0		 755
3331	 0		 769
3332	 0		 736
3333	 0		 558
3334	 0		 570
3335	 0		 640
3336	 0		 705
3337	 0		 749
3338	 0		 549
3339	 0		 579
3340	 0		 677
3341	 0		 776
3342	 0		 841
3343	 0		 854
3344	 0		 584
3345	 0		 600
3346	 0		 679
3347	 0		 746
3348	 0		 782
3349	 0		 759
3350	 0		 590
3351	 0		 593
3352	 0		 638
3353	 0		 685
3354	 0		 715
3355	 0		 589
3356	 0		 540
3357	 0		 639
3358	 0		 761
3359	 0		 848
3360	 0		 881
3361	 0		 607
3362	 0		 617
3363	 0		 656
3364	 0		 705
3365	 0		 731
3366	 0		 720
3367	 0		 540
3368	 0		 524
3369	 0		 572
3370	 0		 634
3371	 0		 689
3372	 0		 718
3373	 0		 529
3374	 0		 559
3375	 0		 648
3376	 0		 737
3377	 0		 798
3378	 0		 817
3379	 0		 558
3380	 0		 555
3381	 0		 613
3382	 0		 685
3383	 0		 731
3384	 0		 741
3385	 0		 557
3386	 0		 559
3387	 0		 573
3388	 0		 617
3389	 0		 655
3390	 0		 681
3391	 0		 675
3392	 0		 511
3393	 0		 585
3394	 0		 699
3395	 0		 785
3396	 0		 832
3397	 0		 833
3398	 0		 577
3399	 0		 595
3400	 0		 639
3401	 0		 675
3402	 0		 693
3403	 0		 675
3404	 0		 511
3405	 0		 499
3406	 0		 544
3407	 0		 602
3408	 0		 649
3409	 0		 683
3410	 0		 687
3411	 0		 515
3412	 0		 569
3413	 0		 651
3414	 0		 728
3415	 0		 764
3416	 0		 769
3417	 0		 523
3418	 0		 528
3419	 0		 578
3420	 0		 643
3421	 0		 687
3422	 0		 704
3423	 0		 672
3424	 0		 529
3425	 0		 528
3426	 0		 561
3427	 0		 600
3428	 0		 632
3429	 0		 645
3430	 0		 491
3431	 0		 486
3432	 0		 558
3433	 0		 655
3434	 0		 733
3435	 0		 777
3436	 0		 787
3437	 0		 541
3438	 0		 544
3439	 0		 573
3440	 0		 612
3441	 0		 640
3442	 0		 648
3443	 0		 626
3444	 0		 482
3445	 0		 471
3446	 0		 510
3447	 0		 559
3448	 0		 607
3449	 0		 636
3450	 0		 648
3451	 0		 483
3452	 0		 502
3453	 0		 566
3454	 0		 635
3455	 0		 689
3456	 0		 715
3457	 0		 715
3458	 0		 486
3459	 0		 491
3460	 0		 528
3461	 0		 583
3462	 0		 631
3463	 0		 650
3464	 0		 648
3465	 0		 496
3466	 0		 495
3467	 0		 501
3468	 0		 532
3469	 0		 564
3470	 0		 592
3471	 0		 604
3472	 0		 599
3473	 0		 453
3474	 0		 488
3475	 0		 564
3476	 0		 644
3477	 0		 699
3478	 0		 726
3479	 0		 728
3480	 0		 501
3481	 0		 501
3482	 0		 524
3483	 0		 557
3484	 0		 586
3485	 0		 600
3486	 0		 595
3487	 0		 554
3488	 0		 442
3489	 0		 437
3490	 0		 476
3491	 0		 520
3492	 0		 557
3493	 0		 585
3494	 0		 603
3495	 0		 461
3496	 0		 451
3497	 0		 488
3498	 0		 549
3499	 0		 603
3500	 0		 642
3501	 0		 660
3502	 0		 657
3503	 0		 529
3504	 0		 464
3505	 0		 474
3506	 0		 511
3507	 0		 556
3508	 0		 588
3509	 0		 604
3510	 0		 591
3511	 0		 461
3512	 0		 458
3513	 0		 462
3514	 0		 486
3515	 0		 513
3516	 0		 541
3517	 0		 537
3518	 0		 566
3519	 0		 585
3520	 0		 457
3521	 0		 479
3522	 0		 538
3523	 0		 599
3524	 0		 643
3525	 0		 667
3526	 0		 673
3527	 0		 654
3528	 0		 457
3529	 0		 460
3530	 0		 558
3531	 0		 553
3532	 0		 565
3533	 0		 569
3534	 0		 561
3535	 0		 539
3536	 0		 418
3537	 0		 413
3538	 0		 420
3539	 0		 453
3540	 0		 642
3541	 0		 621
3542	 0		 614
3543	 0		 611
3544	 0		 601
3545	 0		 446
3546	 0		 446
3547	 0		 477
3548	 0		 522
3549	 0		 562
3550	 0		 637
3551	 0		 615
3552	 0		 600
3553	 0		 576
3554	 0		 413
3555	 0		 414
3556	 0		 441
3557	 0		 596
3558	 0		 576
3559	 0		 572
3560	 0		 575
3561	 0		 530
3562	 0		 561
3563	 0		 457
3564	 0		 442
3565	 0		 443
3566	 0		 462
3567	 0		 565
3568	 0		 596
3569	 0		 571
3570	 0		 554
3571	 0		 541
3572	 0		 451
3573	 0		 430
3574	 0		 459
3575	 0		 549
3576	 0		 605
3577	 0		 647
3578	 0		 661
3579	 0		 623
3580	 0		 584
3581	 0		 511
3582	 0		 417
3583	 0		 424
3584	 0		 391
3585	 0		 419
3586	 0		 481
3587	 0		 557
3588	 0		 519
3589	 0		 524
3590	 0		 492
3591	 0		 444
3592	 0		 388
3593	 0		 451
3594	 0		 519
3595	 0		 572
3596	 0		 593
3597	 0		 611
3598	 0		 615
3599	 0		 608
3600	 0		 557
3601	 0		 513
3602	 0		 383
3603	 0		 397
3604	 0		 494
3605	 0		 539
3606	 0		 548
3607	 0		 555
3608	 0		 552
3609	 0		 528
3610	 0		 493
3611	 0		 441
3612	 0		 364
3613	 0		 359
3614	 0		 433
3615	 0		 517
3616	 0		 562
3617	 0		 570
3618	 0		 576
3619	 0		 571
3620	 0		 549
3621	 0		 509
3622	 0		 442
3623	 0		 367
3624	 0		 369
3625	 0		 466
3626	 0		 505
3627	 0		 499
3628	 0		 519
3629	 0		 518
3630	 0		 510
3631	 0		 491
3632	 0		 454
3633	 0		 397
3634	 0		 335
3635	 0		 341
3636	 0		 419
3637	 0		 480
3638	 0		 519
3639	 0		 537
3640	 0		 543
3641	 0		 536
3642	 0		 517
3643	 0		 491
3644	 0		 451
3645	 0		 349
3646	 0		 350
3647	 0		 347
3648	 0		 361
3649	 0		 491
3650	 0		 493
3651	 0		 478
3652	 0		 478
3653	 0		 478
3654	 0		 459
3655	 0		 425
3656	 0		 382
3657	 0		 326
3658	 0		 312
3659	 0		 369
3660	 0		 417
3661	 0		 461
3662	 0		 483
3663	 0		 493
3664	 0		 496
3665	 0		 497
3666	 0		 485
3667	 0		 466
3668	 0		 428
3669	 0		 372
3670	 0		 312
3671	 0		 317
3672	 0		 357
3673	 0		 417
3674	 0		 422
3675	 0		 436
3676	 0		 447
3677	 0		 441
3678	 0		 431
3679	 0		 418
3680	 0		 396
3681	 0		 368
3682	 0		 329
3683	 0		 287
3684	 0		 288
3685	 0		 339
3686	 0		 386
3687	 0		 427
3688	 0		 444
3689	 0		 451
3690	 0		 453
3691	 0		 448
3692	 0		 438
3693	 0		 427
3694	 0		 400
3695	 0		 361
3696	 0		 295
3697	 0		 287
3698	 0		 290
3699	 0		 331
3700	 0		 386
3701	 0		 374
3702	 0		 393
3703	 0		 399
3704	 0		 398
3705	 0		 395
3706	 0		 389
3707	 0		 377
3708	 0		 357
3709	 0		 328
3710	 0		 293
3711	 0		 257
3712	 0		 260
3713	 0		 290
3714	 0		 339
3715	 0		 357
3716	 0		 383
3717	 0		 403
3718	 0		 404
3719	 0		 404
3720	 0		 403
3721	 0		 395
3722	 0		 381
3723	 0		 368
3724	 0		 344
3725	 0		 313
3726	 0		 258
3727	 0		 263
3728	 0		 257
3729	 0		 254
3730	 0		 304
3731	 0		 377
3732	 0		 352
3733	 0		 345
3734	 0		 357
3735	 0		 356
3736	 0		 349
3737	 0		 340
3738	 0		 330
3739	 0		 313
3740	 0		 291
3741	 0		 267
3742	 0		 236
3743	 0		 225
3744	 0		 228
3745	 0		 277
3746	 0		 288
3747	 0		 317
3748	 0		 331
3749	 0		 339
3750	 0		 345
3751	 0		 349
3752	 0		 350
3753	 0		 347
3754	 0		 342
3755	 0		 336
3756	 0		 326
3757	 0		 309
3758	 0		 285
3759	 0		 257
3760	 0		 218
3761	 0		 218
3762	 0		 217
3763	 0		 221
3764	 0		 279
3765	 0		 274
3766	 0		 279
3767	 0		 294
3768	 0		 297
3769	 0		 295
3770	 0		 295
3771	 0		 294
3772	 0		 290
3773	 0		 283
3774	 0		 275
3775	 0		 265
3776	 0		 253
3777	 0		 239
3778	 0		 221
3779	 0		 205
3780	 0		 189
3781	 0		 189
3782	 0		 188
3783	 0		 232
3784	 0		 244
3785	 0		 261
3786	 0		 273
3787	 0		 279
3788	 0		 283
3789	 0		 285
3790	 0		 285
3791	 0		 283
3792	 0		 281
3793	 0		 277
3794	 0		 273
3795	 0		 266
3796	 0		 258
3797	 0		 247
3798	 0		 234
3799	 0		 218
3800	 0		 189
3801	 0		 175
3802	 0		 177
3803	 0		 174
3804	 0		 172
3805	 0		 175
3806	 0		 245
3807	 0		 207
3808	 0		 222
3809	 0		 228
3810	 0		 227
3811	 0		 229
3812	 0		 230
3813	 0		 230
3814	 0		 230
3815	 0		 227
3816	 0		 224
3817	 0		 221
3818	 0		 217
3819	 0		 213
3820	 0		 206
3821	 0		 199
3822	 0		 190
3823	 0		 179
3824	 0		 169
3825	 0		 159
3826	 0		 144
3827	 0		 142
3828	 0		 142
3829	 0		 142
3830	 0		 153
3831	 0		 182
3832	 0		 173
3833	 0		 182
3834	 0		 194
3835	 0		 198
3836	 0		 203
3837	 0		 207
3838	 0		 208
3839	 0		 208
3840	 0		 209
3841	 0		 208
3842	 0		 207
3843	 0		 205
3844	 0		 202
3845	 0		 199
3846	 0		 195
3847	 0		 191
3848	 0		 187
3849	 0		 182
3850	 0		 177
3851	 0		 170
3852	 0		 163
3853	 0		 154
3854	 0		 146
3855	 0		 125
3856	 0		 125
3857	 0		 124
3858	 0		 121
3859	 0		 119
3860	 0		 118
3861	 0		 118
3862	 0		 118
3863	 0		 119
3864	 0		 132
3865	 0		 183
3866	 0		 153
3867	 0		 139
3868	 0		 149
3869	 0		 153
3870	 0		 149
3871	 0		 148
3872	 0		 148
3873	 0		 147
3874	 0		 146
3875	 0		 144
3876	 0		 142
3877	 0		 138
3878	 0		 138
3879	 0		 135
3880	 0		 132
3881	 0		 130
3882	 0		 127
3883	 0		 125
3884	 0		 122
3885	 0		 118
3886	 0		 115
3887	 0		 111
3888	 0		 107
3889	 0		 104
3890	 0		 100
3891	 0		 96
3892	 0		 92
3893	 0		 89
3894	 0		 86
3895	 0		 81
3896	 0		 75
3897	 0		 75
3898	 0		 74
3899	 0		 72
3900	 0		 71
3901	 0		 70
3902	 0		 69
3903	 0		 72
3904	 0		 81
3905	 0		 75
3906	 0		 80
3907	 0		 80
3908	 0		 81
3909	 0		 82
3910	 0		 82
3911	 0		 82
3912	 0		 82
3913	 0		 81
3914	 0		 81
3915	 0		 81
3916	 0		 80
3917	 0		 79
3918	 0		 77
3919	 0		 77
3920	 0		 76
3921	 0		 75
3922	 0		 73
3923	 0		 73
3924	 0		 71
3925	 0		 70
3926	 0		 68
3927	 0		 67
3928	 0		 65
3929	 0		 64
3930	 0		 62
3931	 0		 61
3932	 0		 59
3933	 0		 58
3934	 0		 56
3935	 0		 54
3936	 0		 52
3937	 0		 50
3938	 0		 49
3939	 0		 47
3940	 0		 45
3941	 0		 43
3942	 0		 42
3943	 0		 40
3944	 0		 38
3945	 0		 37
3946	 0		 35
3947	 0		 33
3948	 0		 32
3949	 0		 30
3950	 0		 28
3951	 0		 27
3952	 0		 25
3953	 0		 23
3954	 0		 22
3955	 0		 20
3956	 0		 19
3957	 0		 17
3958	 0		 15
3959	 0		 14
3960	 0		 12
3961	 0		 11
3962	 0		 9
3963	 0		 7
3964	 0		 6
3965	 0		 4
3966	 0		 2
3967	 0		 1
3968	 0		 0
3969	 0		 0
3970	 0		 0
3971	 0		 0
3972	 0		 0
3973	 0		 0
3974	 0		 0
3975	 0		 0
3976	 0		 0
3977	 0		 0
3978	 0		 0
3979	 0		 0
3980	 0		 0
3981	 0		 0
3982	 0		 0
3983	 0		 0
3984	 0		 0
3985	 0		 0
3986	 0		 0
3987	 0		 0
3988	 0		 0
3989	 0		 0
3990	 0		 0
3991	 0		 0
3992	 0		 0
3993	 0		 0
3994	 0		 0
3995	 0		 0
3996	 0		 0
3997	 0		 0
3998	 0		 0
3999	 0		 0
4000	 0		 0
4001	 0		 0
4002	 0		 0
4003	 0		 0
4004	 0		 0
4005	 0		 0
4006	 0		 0
4007	 0		 0
4008	 0		 0
4009	 0		 0
4010	 0		 0
4011	 0		 0
4012	 0		 0
4013	 0		 0
4014	 0		 0
4015	 0		 0
4016	 0		 0
4017	 0		 0
4018	 0		 0
4019	 0		 0
4020	 0		 0
4021	 0		 0
4022	 0		 0
4023	 0		 0
4024	 0		 0
4025	 0		 0
4026	 0		 0
4027	 0		 0
4028	 0		 0
4029	 0		 0
4030	 0		 0
4031	 0		 0
4032	 0		 0
4033	 0		 0
4034	 0		 0
4035	 0		 0
4036	 0		 0
4037	 0		 0
4038	 0		 0
4039	 0		 0
4040	 0		 0
4041	 0		 0
4042	 0		 0
4043	 0		 0
4044	 0		 0
4045	 0		 0
4046	 0		 0
4047	 0		 0
4048	 0		 0
4049	 0		 0
4050	 0		 0
4051	 0		 0
4052	 0		 0
4053	 0		 0
4054	 0		 0
4055	 0		 0
4056	 0		 0
4057	 0		 0
4058	 0		 0
4059	 0		 0
4060	 0		 0
4061	 0		 0
4062	 0		 0
4063	 0		 0
4064	 0		 0
4065	 0		 0
4066	 0		 0
4067	 0		 0
4068	 0		 0
4069	 0		 0
4070	 0		 0
4071	 0		 0
4072	 0		 0
4073	 0		 0
4074	 0		 0
4075	 0		 0
4076	 0		 0
4077	 0		 0
4078	 0		 0
4079	 0		 0
4080	 0		 0
4081	 0		 0
4082	 0		 0
4083	 0		 0
4084	 0		 0
4085	 0		 0
4086	 0		 0
4087	 0		 0
4088	 0		 0
4089	 0		 0
4090	 0		 0
4091	 0		 0
4092	 0		 0
4093	 0		 0
4094	 0		 0
4095	 0		 0
4096	 0		 0
4097	 0		 0
4098	 0		 0
4099	 0		 0
4100	 0		 0
4101	 0		 0
4102	 0		 0
4103	 0		 0
4104	 0		 0
4105	 0		 0
4106	 0		 0
4107	 0		 0
4108	 0		 0
4109	 0		 0
4110	 0		 0
4111	 0		 0
4112	 0		 0
4113	 0		 0
4114	 0		 0
4115	 0		 0
4116	 0		 0
4117	 0		 0
4118	 0		 0
4119	 0		 0
4120	 0		 0
4121	 0		 0
4122	 0		 0
4123	 0		 0
4124	 0		 0
4125	 0		 0
4126	 0		 0
4127	 0		 0
4128	 0		 0
4129	 0		 0
4130	 0		 0
4131	 0		 0
4132	 0		 0
4133	 0		 0
4134	 0		 0
4135	 0		 0
4136	 0		 0
4137	 0		 0
4138	 0		 0
4139	 0		 0
4140	 0		 0
4141	 0		 0
4142	 0		 0
4143	 0		 0
4144	 0		 0
4145	 0		 0
4146	 0		 0
4147	 0		 0
4148	 0		 0
4149	 0		 0
4150	 0		 0
4151	 0		 0
4152	 0		 0
4153	 0		 0
4154	 0		 0
4155	 0		 0
4156	 0		 0
4157	 0		 0
4158	 0		 0
4159	 0		 0
4160	 0		 0
4161	 0		 0
4162	 0		 0
4163	 0		 0
4164	 0		 0
4165	 0		 0
4166	 0		 0
4167	 0		 0
4168	 0		 0
4169	 0		 0
4170	 0		 0
4171	 0		 0
4172	 0		 0
4173	 0		 0
4174	 0		 0
4175	 0		 0
4176	 0		 0
4177	 0		 0
4178	 0		 0
4179	 0		 0
4180	 0		 0
4181	 0		 0
4182	 0		 0
4183	 0		 0
4184	 0		 0
4185	 0		 0
4186	 0		 0
4187	 0		 0
4188	 0		 0
4189	 0		 0
4190	 0		 0
4191	 0		 0
4192	 0		 0
4193	 0		 0
4194	 0		 0
4195	 0		 0
4196	 0		 0
4197	 0		 0
4198	 0		 0
4199	 0		 0
4200	 0		 0
4201	 0		 0
4202	 0		 0
4203	 0		 0
4204	 0		 0
4205	 0		 0
4206	 0		 0
4207	 0		 0
4208	 0		 0
4209	 0		 0
4210	 0		 0
4211	 0		 0
4212	 0		 0
4213	 0		 0
4214	 0		 0
4215	 0		 0
4216	 0		 0
4217	 0		 0
4218	 0		 0
4219	 0		 0
4220	 0		 0
4221	 0		 0
4222	 0		 0
4223	 0		 0
4224	 0		 0
4225	 0		 0
4226	 0		 0
4227	 0		 0
4228	 0		 0
4229	 0		 0
4230	 0		 0
4231	 0		 0
4232	 0		 0
4233	 0		 0
4234	 0		 0
4235	 0		 0
4236	 0		 0
4237	 0		 0
4238	 0		 0
4239	 0		 0
4240	 0		 0
4241	 0		 0
4242	 0		 0
4243	 0		 0
4244	 0		 0
4245	 0		 0
4246	 0		 0
4247	 0		 0
4248	 0		 0
4249	 0		 0
4250	 0		 0
4251	 0		 0
4252	 0		 0
4253	 0		 0
4254	 0		 0
4255	 0		 0
4256	 0		 0
4257	 0		 0
4258	 0		 0
4259	 0		 0
4260	 0		 0
4261	 0		 0
4262	 0		 0
4263	 0		 0
4264	 0		 0
4265	 0		 0
4266	 0		 0
4267	 0		 0
4268	 0		 0
4269	 0		 0
4270	 0		 0
4271	 0		 0
4272	 0		 0
4273	 0		 0
4274	 0		 0
4275	 0		 0
4276	 0		 0
4277	 0		 0
4278	 0		 0
4279	 0		 0
4280	 0		 0
4281	 0		 0
4282	 0		 0
4283	 0		 0
4284	 0		 0
4285	 0		 0
4286	 0		 0
4287	 0		 0
4288	 0		 0
4289	 0		 0
4290	 0		 0
4291	 0		 0
4292	 0		 0
4293	 0		 0
4294	 0		 0
4295	 0		 0
4296	 0		 0
4297	 0		 0
4298	 0		 0
4299	 0		 0
4300	 0		 0
4301	 0		 0
4302	 0		 0
4303	 0		 0
4304	 0		 0
4305	 0		 0
4306	 0		 0
4307	 0		 0
4308	 0		 0
4309	 0		 0
4310	 0		 0
4311	 0		 0
4312	 0		 0
4313	 0		 0
4314	 0		 0
4315	 0		 0
4316	 0		 0
4317	 0		 0
4318	 0		 0
4319	 0		 0
4320	 0		 0
4321	 0		 0
4322	 0		 0
4323	 0		 0
4324	 0		 0
4325	 0		 0
4326	 0		 0
4327	 0		 0
4328	 0		 0
4329	 0		 0
4330	 0		 0
4331	 0		 0
4332	 0		 0
4333	 0		 0
4334	 0		 0
4335	 0		 0
4336	 0		 0
4337	 0		 0
4338	 0		 0
4339	 0		 0
4340	 0		 0
4341	 0		 0
4342	 0		 0
4343	 0		 0
4344	 0		 0
4345	 0		 0
4346	 0		 0
4347	 0		 0
4348	 0		 0
4349	 0		 0
4350	 0		 0
4351	 0		 0
4352	 0		 0
4353	 0		 0
4354	 0		 0
4355	 0		 0
4356	 0		 0
4357	 0		 0
4358	 0		 0
4359	 0		 0
4360	 0		 0
4361	 0		 0
4362	 0		 0
4363	 0		 0
4364	 0		 0
4365	 0		 0
4366	 0		 0
4367	 0		 0
4368	 0		 0
4369	 0		 0
4370	 0		 0
4371	 0		 0
4372	 0		 0
4373	 0		 0
4374	 0		 0
4375	 0		 0
4376	 0		 0
4377	 0		 0
4378	 0		 0
4379	 0		 0
4380	 0		 0
4381	 0		 0
4382	 0		 0
4383	 0		 0
4384	 0		 0
4385	 0		 0
4386	 0		 0
4387	 0		 0
4388	 0		 0
4389	 0		 0
4390	 0		 0
4391	 0		 0
4392	 0		 0
4393	 0		 0
4394	 0		 0
4395	 0		 0
4396	 0		 0
4397	 0		 0
4398	 0		 0
4399	 0		 0
4400	 0		 0
4401	 0		 0
4402	 0		 0
4403	 0		 0
4404	 0		 0
4405	 0		 0
4406	 0		 0
4407	 0		 0
4408	 0		 0
4409	 0		 0
4410	 0		 0
4411	 0		 0
4412	 0		 0
4413	 0		 0
4414	 0		 0
4415	 0		 0
4416	 0		 0
4417	 0		 0
4418	 0		 0
4419	 0		 0
4420	 0		 0
4421	 0		 0
4422	 0		 0
4423	 0		 0
4424	 0		 0
4425	 0		 0
4426	 0		 0
4427	 0		 0
4428	 0		 0
4429	 0		 0
4430	 0		 0
4431	 0		 0
4432	 0		 0
4433	 0		 0
4434	 0		 0
4435	 0		 0
4436	 0		 0
4437	 0		 0
4438	 0		 0
4439	 0		 0
4440	 0		 0
4441	 0		 0
4442	 0		 0
4443	 0		 0
4444	 0		 0
4445	 0		 0
4446	 0		 0
4447	 0		 0
4448	 0		 0
4449	 0		 0
4450	 0		 0
4451	 0		 0
4452	 0		 0
4453	 0		 0
4454	 0		 0
4455	 0		 0
4456	 0		 0
4457	 0		 0
4458	 0		 0
4459	 0		 0
4460	 0		 0
4461	 0		 0
4462	 0		 0
4463	 0		 0
4464	 0		 0
4465	 0		 0
4466	 0		 0
4467	 0		 0
4468	 0		 0
4469	 0		 0
4470	 0		 0
4471	 0		 0
4472	 0		 0
4473	 0		 0
4474	 0		 0
4475	 0		 0
4476	 0		 0
4477	 0		 0
4478	 0		 0
4479	 0		 0
4480	 0		 0
4481	 0		 0
4482	 0		 0
4483	 0		 0
4484	 0		 0
4485	 0		 0
4486	 0		 0
4487	 0		 0
4488	 0		 0
4489	 0		 0
4490	 0		 0
4491	 0		 0
4492	 0		 0
4493	 0		 0
4494	 0		 0
4495	 0		 0
4496	 0		 0
4497	 0		 0
4498	 0		 0
4499	 0		 0
4500	 0		 0
4501	 0		 0
4502	 0		 0
4503	 0		 0
4504	 0		 0
4505	 0		 0
4506	 0		 0
4507	 0		 0