ADC Read (10 bits)
Muestra	 PWM_percent	 Set_Point	 ADC_to_V
0,0,0.00,0.00
1,0,0.00,0.00
2,0,0.00,0.00
3,0,0.00,0.00
4,0,0.00,0.00
5,0,0.00,0.00
6,0,0.00,0.00
7,0,0.00,0.00
8,0,0.00,0.00
9,0,0.00,0.00
10,0,0.00,0.00
11,0,0.00,0.00
12,0,0.00,0.00
13,0,0.00,0.01
14,0,0.00,0.01
15,0,0.00,0.01
16,0,0.00,0.01
17,0,0.00,0.01
18,0,0.00,0.01
19,0,0.00,0.01
20,0,0.00,0.01
21,0,0.00,0.01
22,0,0.00,0.01
23,0,0.00,0.01
24,0,0.00,0.01
25,0,0.00,0.01
26,0,0.00,0.01
27,0,0.00,0.01
28,0,0.00,0.01
29,0,0.00,0.01
30,0,0.00,0.01
31,0,0.00,0.01
32,0,0.00,0.01
33,0,0.00,0.01
34,0,0.00,0.01
35,0,0.00,0.01
36,0,0.00,0.01
37,0,0.00,0.01
38,0,0.00,0.01
39,0,0.00,0.01
40,0,0.00,0.01
41,0,0.00,0.01
42,0,0.00,0.01
43,0,0.00,0.01
44,0,0.00,0.01
45,0,0.00,0.01
46,0,0.00,0.01
47,0,0.00,0.01
48,0,0.00,0.01
49,0,0.00,0.01
50,0,0.00,0.01
51,0,0.00,0.01
52,0,0.00,0.01
53,0,0.00,0.01
54,0,0.00,0.01
55,0,0.00,0.01
56,0,0.00,0.01
57,0,0.00,0.01
58,0,0.00,0.01
59,0,0.00,0.01
60,0,0.00,0.01
61,0,0.00,0.01
62,0,0.00,0.01
63,0,0.00,0.01
64,0,0.00,0.01
65,0,0.00,0.01
66,0,0.00,0.01
67,0,0.00,0.01
68,0,0.00,0.01
69,0,0.00,0.01
70,0,0.00,0.01
71,0,0.00,0.01
72,0,0.00,0.01
73,0,0.00,0.01
74,0,0.00,0.01
75,0,0.00,0.01
76,0,0.00,0.01
77,0,0.00,0.01
78,0,0.00,0.01
79,0,0.00,0.01
80,0,0.00,0.01
81,0,0.00,0.01
82,0,0.00,0.01
83,0,0.00,0.01
84,0,0.00,0.01
85,0,0.00,0.01
86,0,0.00,0.01
87,0,0.00,0.01
88,0,0.00,0.01
89,0,0.00,0.01
90,0,0.00,0.01
91,0,0.00,0.01
92,0,0.00,0.01
93,0,0.00,0.01
94,0,0.00,0.01
95,0,0.00,0.01
96,0,0.00,0.01
97,0,0.00,0.01
98,0,0.00,0.01
99,0,0.00,0.01
100,0,0.00,0.01
101,0,0.00,0.01
102,0,0.00,0.01
103,0,0.00,0.01
104,0,0.00,0.01
105,0,0.00,0.01
106,0,0.00,0.01
107,0,0.00,0.01
108,0,0.00,0.01
109,0,0.00,0.01
110,0,0.00,0.01
111,0,0.00,0.01
112,0,0.00,0.01
113,0,0.00,0.01
114,0,0.00,0.01
115,0,0.00,0.01
116,0,0.00,0.01
117,0,0.00,0.01
118,0,0.00,0.01
119,0,0.00,0.01
120,0,0.00,0.01
121,0,0.00,0.01
122,0,0.00,0.01
123,0,0.00,0.01
124,0,0.00,0.01
125,0,0.00,0.01
126,0,0.00,0.01
127,0,0.00,0.01
128,0,0.00,0.01
129,0,0.00,0.01
130,0,0.00,0.01
131,0,0.00,0.01
132,0,0.00,0.01
133,0,0.00,0.01
134,0,0.00,0.01
135,0,0.00,0.01
136,0,0.00,0.01
137,0,0.00,0.01
138,0,0.00,0.01
139,0,0.00,0.01
140,0,0.00,0.01
141,0,0.00,0.01
142,0,0.00,0.01
143,0,0.00,0.01
144,0,0.00,0.01
145,0,0.00,0.01
146,0,0.00,0.01
147,0,0.00,0.01
148,0,0.00,0.01
149,0,0.00,0.01
150,0,0.00,0.01
151,0,0.00,0.01
152,0,0.00,0.01
153,0,0.00,0.01
154,0,0.00,0.01
155,0,0.00,0.01
156,0,0.00,0.01
157,0,0.00,0.01
158,0,0.00,0.01
159,0,0.00,0.01
160,0,0.00,0.01
161,0,0.00,0.01
162,0,0.00,0.01
163,0,0.00,0.01
164,0,0.00,0.01
165,0,0.00,0.01
166,0,0.00,0.01
167,0,0.00,0.01
168,0,0.00,0.01
169,0,0.00,0.01
170,0,0.00,0.01
171,0,0.00,0.01
172,0,0.00,0.01
173,0,0.00,0.01
174,0,0.00,0.01
175,0,0.00,0.01
176,0,0.00,0.01
177,0,0.00,0.01
178,0,0.00,0.01
179,0,0.00,0.01
180,0,0.00,0.01
181,0,0.00,0.01
182,0,0.00,0.01
183,0,0.00,0.01
184,0,0.00,0.01
185,0,0.00,0.01
186,0,0.00,0.01
187,0,0.00,0.01
188,0,0.00,0.01
189,0,0.00,0.01
190,0,0.00,0.01
191,0,0.00,0.01
192,0,0.00,0.01
193,0,0.00,0.01
194,0,0.00,0.01
195,0,0.00,0.01
196,0,0.00,0.01
197,0,0.00,0.01
198,0,0.00,0.01
199,0,0.00,0.01
200,0,0.00,0.01
201,0,0.00,0.01
202,0,0.00,0.01
203,0,0.00,0.01
204,0,0.00,0.01
205,0,0.00,0.01
206,0,0.00,0.01
207,0,0.00,0.01
208,0,0.00,0.01
209,0,0.00,0.01
210,0,0.00,0.01
211,0,0.00,0.01
212,0,0.00,0.01
213,0,0.00,0.01
214,0,0.00,0.01
215,0,0.00,0.01
216,0,0.00,0.01
217,0,0.00,0.01
218,0,0.00,0.01
219,0,0.00,0.01
220,0,0.00,0.01
221,0,0.00,0.01
222,0,0.00,0.01
223,0,0.00,0.01
224,0,0.00,0.01
225,0,0.00,0.01
226,0,0.00,0.01
227,0,0.00,0.01
228,0,0.00,0.01
229,0,0.00,0.01
230,0,0.00,0.01
231,0,0.00,0.01
232,0,0.00,0.01
233,0,0.00,0.01
234,0,0.00,0.01
235,0,0.00,0.01
236,0,0.00,0.01
237,0,0.00,0.01
238,0,0.00,0.01
239,0,0.00,0.01
240,0,0.00,0.01
241,0,0.00,0.01
242,0,0.00,0.01
243,0,0.00,0.01
244,0,0.00,0.01
245,0,0.00,0.01
246,0,0.00,0.01
247,0,0.00,0.01
248,0,0.00,0.01
249,0,0.00,0.01
250,0,0.00,0.01
251,0,0.00,0.01
252,0,0.00,0.01
253,0,0.00,0.01
254,0,0.00,0.01
255,0,0.00,0.01
256,0,0.00,0.01
257,0,0.00,0.01
258,0,0.00,0.01
259,0,0.00,0.01
260,0,0.00,0.01
261,0,0.00,0.01
262,0,0.00,0.01
263,0,0.00,0.01
264,0,0.00,0.01
265,0,0.00,0.01
266,0,0.00,0.01
267,0,0.00,0.01
268,0,0.00,0.01
269,0,0.00,0.01
270,0,0.00,0.01
271,0,0.00,0.01
272,0,0.00,0.01
273,0,0.00,0.01
274,0,0.00,0.01
275,0,0.00,0.01
276,0,0.00,0.01
277,0,0.00,0.01
278,0,0.00,0.01
279,0,0.00,0.01
280,0,0.00,0.01
281,0,0.00,0.01
282,0,0.00,0.01
283,0,0.00,0.01
284,0,0.00,0.01
285,0,0.00,0.01
286,0,0.00,0.01
287,0,0.00,0.01
288,0,0.00,0.01
289,0,0.00,0.01
290,0,0.00,0.01
291,0,0.00,0.01
292,0,0.00,0.01
293,0,0.00,0.01
294,0,0.00,0.01
295,0,0.00,0.01
296,0,0.00,0.01
297,0,0.00,0.01
298,0,0.00,0.01
299,0,0.00,0.01
300,0,0.00,0.01
301,0,0.00,0.01
302,0,0.00,0.01
303,0,0.00,0.01
304,0,0.00,0.01
305,0,0.00,0.01
306,0,0.00,0.01
307,0,0.00,0.01
308,0,0.00,0.01
309,0,0.00,0.01
310,0,0.00,0.01
311,0,0.00,0.01
312,0,0.00,0.01
313,0,0.00,0.01
314,0,0.00,0.01
315,0,0.00,0.01
316,0,0.00,0.01
317,0,0.00,0.01
318,0,0.00,0.01
319,0,0.00,0.01
320,0,0.00,0.01
321,0,0.00,0.01
322,0,0.00,0.01
323,0,0.00,0.01
324,0,0.00,0.01
325,0,0.00,0.01
326,0,0.00,0.01
327,0,0.00,0.01
328,0,0.00,0.01
329,0,0.00,0.01
330,0,0.00,0.01
331,0,0.00,0.01
332,0,0.00,0.01
333,0,0.00,0.01
334,0,0.00,0.01
335,0,0.00,0.01
336,0,0.00,0.01
337,0,0.00,0.01
338,0,0.00,0.01
339,0,0.00,0.01
340,0,0.00,0.01
341,0,0.00,0.01
342,0,0.00,0.01
343,0,0.00,0.01
344,0,0.00,0.01
345,0,0.00,0.01
346,0,0.00,0.01
347,0,0.00,0.01
348,0,0.00,0.01
349,0,0.00,0.01
350,0,0.00,0.01
351,0,0.00,0.01
352,0,0.00,0.01
353,0,0.00,0.01
354,0,0.00,0.01
355,0,0.00,0.01
356,0,0.00,0.01
357,0,0.00,0.01
358,0,0.00,0.01
359,0,0.00,0.01
360,0,0.00,0.01
361,0,0.00,0.01
362,0,0.00,0.01
363,0,0.00,0.01
364,0,0.00,0.01
365,0,0.00,0.01
366,0,0.00,0.01
367,0,0.00,0.01
368,0,0.00,0.01
369,0,0.00,0.01
370,0,0.00,0.01
371,0,0.00,0.01
372,0,0.00,0.01
373,0,0.00,0.01
374,0,0.00,0.01
375,0,0.00,0.01
376,0,0.00,0.01
377,0,0.00,0.01
378,0,0.00,0.01
379,0,0.00,0.01
380,0,0.00,0.01
381,0,0.00,0.01
382,0,0.00,0.01
383,0,0.00,0.01
384,0,0.00,0.01
385,0,0.00,0.01
386,0,0.00,0.01
387,0,0.00,0.01
388,0,0.00,0.01
389,0,0.00,0.01
390,0,0.00,0.01
391,0,0.00,0.01
392,0,0.00,0.01
393,0,0.00,0.01
394,0,0.00,0.01
395,0,0.00,0.01
396,0,0.00,0.01
397,0,0.00,0.01
398,0,0.00,0.01
399,0,0.00,0.01
400,0,0.00,0.01
401,0,0.00,0.01
402,0,0.00,0.01
403,0,0.00,0.01
404,0,0.00,0.01
405,0,0.00,0.01
406,0,0.00,0.01
407,0,0.00,0.01
408,0,0.00,0.01
409,0,0.00,0.01
410,0,0.00,0.01
411,0,0.00,0.01
412,0,0.00,0.01
413,0,0.00,0.01
414,0,0.00,0.01
415,0,0.00,0.01
416,0,0.00,0.01
417,0,0.00,0.01
418,0,0.00,0.01
419,0,0.00,0.01
420,0,0.00,0.01
421,0,0.00,0.01
422,0,0.00,0.01
423,0,0.00,0.01
424,0,0.00,0.01
425,0,0.00,0.01
426,0,0.00,0.01
427,0,0.00,0.01
428,0,0.00,0.01
429,0,0.00,0.01
430,0,0.00,0.01
431,0,0.00,0.01
432,0,0.00,0.01
433,0,0.00,0.01
434,0,0.00,0.01
435,0,0.00,0.01
436,0,0.00,0.01
437,0,0.00,0.01
438,0,0.00,0.01
439,0,0.00,0.01
440,0,0.00,0.01
441,0,0.00,0.01
442,0,0.00,0.01
443,0,0.00,0.01
444,0,0.00,0.01
445,0,0.00,0.01
446,0,0.00,0.01
447,0,0.00,0.01
448,0,0.00,0.01
449,0,0.00,0.01
450,0,0.00,0.01
451,0,0.00,0.01
452,0,0.00,0.01
453,0,0.00,0.01
454,0,0.00,0.01
455,0,0.00,0.01
456,0,0.00,0.01
457,0,0.00,0.01
458,0,0.00,0.01
459,0,0.00,0.01
460,0,0.00,0.01
461,0,0.00,0.01
462,0,0.00,0.01
463,0,0.00,0.01
464,0,0.00,0.01
465,0,0.00,0.01
466,0,0.00,0.01
467,0,0.00,0.01
468,0,0.00,0.01
469,0,0.00,0.01
470,0,0.00,0.01
471,0,0.00,0.01
472,0,0.00,0.01
473,0,0.00,0.01
474,0,0.00,0.01
475,0,0.00,0.01
476,0,0.00,0.01
477,0,0.00,0.01
478,0,0.00,0.01
479,0,0.00,0.01
480,0,0.00,0.01
481,0,0.00,0.01
482,0,0.00,0.01
483,0,0.00,0.01
484,0,0.00,0.01
485,0,0.00,0.01
486,0,0.00,0.01
487,0,0.00,0.01
488,0,0.00,0.01
489,0,0.00,0.01
490,0,0.00,0.01
491,0,0.00,0.01
492,0,0.00,0.01
493,0,0.00,0.01
494,0,0.00,0.01
495,0,0.00,0.01
496,0,0.00,0.01
497,0,0.00,0.01
498,0,0.00,0.01
499,0,0.00,0.01
500,0,1.00,0.01
501,21,1.00,0.01
502,21,1.00,0.01
503,21,1.00,0.01
504,21,1.00,0.01
505,22,1.00,0.02
506,22,1.00,0.02
507,22,1.00,0.03
508,22,1.00,0.03
509,23,1.00,0.03
510,23,1.00,0.04
511,23,1.00,0.05
512,23,1.00,0.05
513,23,1.00,0.06
514,24,1.00,0.06
515,24,1.00,0.08
516,24,1.00,0.08
517,24,1.00,0.10
518,24,1.00,0.11
519,24,1.00,0.12
520,24,1.00,0.14
521,24,1.00,0.15
522,24,1.00,0.17
523,23,1.00,0.19
524,23,1.00,0.21
525,23,1.00,0.23
526,23,1.00,0.25
527,23,1.00,0.27
528,22,1.00,0.30
529,22,1.00,0.32
530,22,1.00,0.34
531,21,1.00,0.36
532,21,1.00,0.38
533,21,1.00,0.41
534,20,1.00,0.43
535,20,1.00,0.44
536,20,1.00,0.46
537,20,1.00,0.47
538,20,1.00,0.48
539,20,1.00,0.50
540,19,1.00,0.52
541,19,1.00,0.54
542,19,1.00,0.55
543,18,1.00,0.57
544,18,1.00,0.60
545,18,1.00,0.62
546,17,1.00,0.64
547,17,1.00,0.66
548,17,1.00,0.68
549,16,1.00,0.70
550,16,1.00,0.72
551,16,1.00,0.73
552,15,1.00,0.74
553,15,1.00,0.75
554,15,1.00,0.77
555,15,1.00,0.77
556,15,1.00,0.77
557,15,1.00,0.77
558,15,1.00,0.77
559,15,1.00,0.77
560,15,1.00,0.78
561,15,1.00,0.78
562,15,1.00,0.78
563,15,1.00,0.79
564,15,1.00,0.79
565,15,1.00,0.80
566,15,1.00,0.81
567,15,1.00,0.82
568,14,1.00,0.83
569,14,1.00,0.84
570,14,1.00,0.85
571,14,1.00,0.86
572,14,1.00,0.86
573,14,1.00,0.86
574,14,1.00,0.86
575,14,1.00,0.86
576,14,1.00,0.85
577,14,1.00,0.84
578,14,1.00,0.83
579,15,1.00,0.82
580,15,1.00,0.81
581,15,1.00,0.81
582,15,1.00,0.80
583,16,1.00,0.79
584,16,1.00,0.79
585,16,1.00,0.79
586,16,1.00,0.80
587,16,1.00,0.80
588,16,1.00,0.81
589,16,1.00,0.82
590,16,1.00,0.83
591,15,1.00,0.84
592,15,1.00,0.85
593,15,1.00,0.85
594,15,1.00,0.85
595,15,1.00,0.85
596,15,1.00,0.85
597,15,1.00,0.84
598,16,1.00,0.83
599,16,1.00,0.83
600,16,1.00,0.83
601,16,1.00,0.82
602,16,1.00,0.82
603,16,1.00,0.82
604,16,1.00,0.83
605,16,1.00,0.83
606,16,1.00,0.83
607,16,1.00,0.85
608,16,1.00,0.86
609,16,1.00,0.86
610,16,1.00,0.88
611,15,1.00,0.89
612,15,1.00,0.90
613,15,1.00,0.90
614,15,1.00,0.89
615,15,1.00,0.89
616,15,1.00,0.88
617,15,1.00,0.87
618,16,1.00,0.86
619,16,1.00,0.86
620,16,1.00,0.86
621,16,1.00,0.86
622,16,1.00,0.86
623,16,1.00,0.86
624,16,1.00,0.87
625,16,1.00,0.87
626,16,1.00,0.88
627,16,1.00,0.88
628,16,1.00,0.90
629,16,1.00,0.91
630,15,1.00,0.92
631,15,1.00,0.93
632,15,1.00,0.93
633,15,1.00,0.93
634,15,1.00,0.92
635,15,1.00,0.92
636,15,1.00,0.91
637,16,1.00,0.91
638,16,1.00,0.90
639,16,1.00,0.90
640,16,1.00,0.90
641,16,1.00,0.90
642,16,1.00,0.90
643,16,1.00,0.91
644,16,1.00,0.91
645,16,1.00,0.92
646,16,1.00,0.93
647,15,1.00,0.94
648,15,1.00,0.94
649,15,1.00,0.95
650,15,1.00,0.95
651,15,1.00,0.94
652,15,1.00,0.94
653,15,1.00,0.92
654,16,1.00,0.92
655,16,1.00,0.91
656,16,1.00,0.90
657,16,1.00,0.90
658,16,1.00,0.90
659,16,1.00,0.90
660,16,1.00,0.90
661,16,1.00,0.90
662,16,1.00,0.91
663,16,1.00,0.92
664,16,1.00,0.92
665,16,1.00,0.93
666,16,1.00,0.94
667,16,1.00,0.95
668,15,1.00,0.95
669,15,1.00,0.95
670,15,1.00,0.95
671,16,1.00,0.94
672,16,1.00,0.94
673,16,1.00,0.94
674,16,1.00,0.94
675,16,1.00,0.94
676,16,1.00,0.94
677,16,1.00,0.94
678,16,1.00,0.94
679,16,1.00,0.94
680,16,1.00,0.94
681,16,1.00,0.94
682,16,1.00,0.95
683,16,1.00,0.96
684,15,1.00,0.97
685,15,1.00,0.97
686,15,1.00,0.97
687,15,1.00,0.96
688,15,1.00,0.96
689,16,1.00,0.95
690,16,1.00,0.95
691,16,1.00,0.95
692,16,1.00,0.94
693,16,1.00,0.94
694,16,1.00,0.94
695,16,1.00,0.94
696,16,1.00,0.95
697,16,1.00,0.95
698,16,1.00,0.95
699,16,1.00,0.95
700,16,1.00,0.96
701,16,1.00,0.97
702,16,1.00,0.97
703,15,1.00,0.98
704,15,1.00,0.97
705,15,1.00,0.97
706,16,1.00,0.97
707,16,1.00,0.96
708,16,1.00,0.96
709,16,1.00,0.96
710,16,1.00,0.96
711,16,1.00,0.97
712,16,1.00,0.97
713,16,1.00,0.97
714,16,1.00,0.97
715,16,1.00,0.98
716,15,1.00,0.98
717,15,1.00,0.99
718,15,1.00,1.00
719,15,1.00,1.00
720,15,1.00,1.00
721,15,1.00,0.99
722,15,1.00,0.99
723,15,1.00,0.99
724,15,1.00,0.99
725,15,1.00,0.99
726,15,1.00,0.99
727,15,1.00,0.99
728,15,1.00,0.99
729,15,1.00,0.99
730,15,1.00,1.00
731,15,1.00,1.00
732,15,1.00,1.00
733,15,1.00,1.00
734,15,1.00,1.01
735,15,1.00,1.01
736,15,1.00,1.01
737,15,1.00,1.01
738,15,1.00,1.01
739,15,1.00,1.01
740,15,1.00,1.01
741,15,1.00,1.01
742,15,1.00,1.01
743,15,1.00,1.00
744,15,1.00,1.00
745,15,1.00,1.00
746,15,1.00,1.00
747,15,1.00,1.00
748,15,1.00,1.00
749,15,1.00,1.00
750,15,1.00,1.00
751,15,1.00,1.01
752,15,1.00,1.01
753,15,1.00,1.01
754,15,1.00,1.00
755,15,1.00,1.00
756,15,1.00,0.99
757,15,1.00,0.99
758,15,1.00,0.99
759,15,1.00,0.98
760,15,1.00,0.98
761,15,1.00,0.97
762,16,1.00,0.97
763,16,1.00,0.97
764,16,1.00,0.97
765,16,1.00,0.97
766,16,1.00,0.98
767,15,1.00,0.98
768,15,1.00,0.99
769,15,1.00,0.99
770,15,1.00,1.00
771,15,1.00,0.99
772,15,1.00,0.99
773,15,1.00,0.99
774,15,1.00,0.98
775,15,1.00,0.98
776,16,1.00,0.98
777,16,1.00,0.98
778,16,1.00,0.98
779,16,1.00,0.97
780,16,1.00,0.97
781,16,1.00,0.97
782,16,1.00,0.98
783,16,1.00,0.98
784,16,1.00,0.99
785,15,1.00,0.99
786,15,1.00,0.99
787,15,1.00,0.99
788,15,1.00,0.99
789,15,1.00,0.98
790,16,1.00,0.98
791,16,1.00,0.97
792,16,1.00,0.97
793,16,1.00,0.97
794,16,1.00,0.97
795,16,1.00,0.97
796,16,1.00,0.97
797,16,1.00,0.97
798,16,1.00,0.97
799,16,1.00,0.97
800,16,1.00,0.97
801,16,1.00,0.98
802,16,1.00,0.99
803,16,1.00,0.99
804,16,1.00,0.99
805,15,1.00,0.99
806,16,1.00,0.99
807,16,1.00,0.99
808,16,1.00,0.98
809,16,1.00,0.98
810,16,1.00,0.98
811,16,1.00,0.99
812,16,1.00,0.99
813,16,1.00,0.99
814,16,1.00,0.99
815,15,1.00,0.99
816,15,1.00,1.00
817,15,1.00,1.01
818,15,1.00,1.01
819,15,1.00,1.01
820,15,1.00,1.02
821,15,1.00,1.01
822,15,1.00,1.01
823,15,1.00,1.01
824,15,1.00,1.01
825,15,1.00,1.01
826,15,1.00,1.02
827,15,1.00,1.02
828,15,1.00,1.02
829,15,1.00,1.02
830,15,1.00,1.02
831,15,1.00,1.03
832,15,1.00,1.03
833,15,1.00,1.03
834,15,1.00,1.03
835,15,1.00,1.03
836,14,1.00,1.03
837,14,1.00,1.03
838,14,1.00,1.03
839,14,1.00,1.03
840,14,1.00,1.03
841,15,1.00,1.03
842,15,1.00,1.03
843,15,1.00,1.03
844,15,1.00,1.03
845,15,1.00,1.03
846,14,1.00,1.02
847,15,1.00,1.02
848,15,1.00,1.02
849,15,1.00,1.02
850,15,1.00,1.02
851,15,1.00,1.03
852,14,1.00,1.02
853,15,1.00,1.03
854,14,1.00,1.02
855,15,1.00,1.02
856,15,1.00,1.01
857,15,1.00,1.01
858,15,1.00,1.01
859,15,1.00,1.00
860,15,1.00,1.00
861,15,1.00,0.99
862,15,1.00,0.99
863,15,1.00,0.99
864,15,1.00,0.99
865,15,1.00,0.99
866,15,1.00,0.99
867,15,1.00,1.00
868,15,1.00,1.01
869,15,1.00,1.01
870,15,1.00,1.00
871,15,1.00,1.00
872,15,1.00,0.99
873,15,1.00,0.99
874,15,1.00,0.99
875,15,1.00,0.99
876,15,1.00,0.99
877,15,1.00,0.98
878,15,1.00,0.98
879,16,1.00,0.98
880,16,1.00,0.98
881,16,1.00,0.98
882,16,1.00,0.98
883,16,1.00,0.98
884,16,1.00,0.99
885,15,1.00,0.99
886,15,1.00,0.99
887,15,1.00,0.99
888,15,1.00,0.98
889,16,1.00,0.98
890,16,1.00,0.97
891,16,1.00,0.97
892,16,1.00,0.97
893,16,1.00,0.97
894,16,1.00,0.96
895,16,1.00,0.96
896,16,1.00,0.96
897,16,1.00,0.96
898,16,1.00,0.97
899,16,1.00,0.97
900,16,1.00,0.97
901,16,1.00,0.98
902,16,1.00,0.99
903,16,1.00,0.99
904,16,1.00,0.99
905,16,1.00,0.98
906,16,1.00,0.98
907,16,1.00,0.97
908,16,1.00,0.97
909,16,1.00,0.97
910,16,1.00,0.97
911,16,1.00,0.98
912,16,1.00,0.98
913,16,1.00,0.98
914,16,1.00,0.99
915,16,1.00,0.99
916,16,1.00,0.99
917,15,1.00,1.00
918,15,1.00,1.01
919,15,1.00,1.01
920,15,1.00,1.01
921,15,1.00,1.01
922,15,1.00,1.01
923,15,1.00,1.01
924,15,1.00,1.01
925,15,1.00,1.01
926,15,1.00,1.01
927,15,1.00,1.01
928,15,1.00,1.01
929,15,1.00,1.01
930,15,1.00,1.01
931,15,1.00,1.01
932,15,1.00,1.02
933,15,1.00,1.02
934,15,1.00,1.02
935,15,1.00,1.03
936,15,1.00,1.03
937,15,1.00,1.03
938,15,1.00,1.03
939,15,1.00,1.03
940,15,1.00,1.03
941,15,1.00,1.03
942,15,1.00,1.03
943,15,1.00,1.03
944,15,1.00,1.03
945,15,1.00,1.02
946,15,1.00,1.02
947,15,1.00,1.02
948,15,1.00,1.02
949,15,1.00,1.02
950,15,1.00,1.03
951,15,1.00,1.02
952,15,1.00,1.02
953,15,1.00,1.02
954,15,1.00,1.02
955,15,1.00,1.01
956,15,1.00,1.01
957,15,1.00,1.01
958,15,1.00,1.01
959,15,1.00,1.00
960,15,1.00,1.00
961,15,1.00,1.00
962,15,1.00,1.00
963,15,1.00,1.00
964,15,1.00,1.00
965,15,1.00,1.00
966,15,1.00,1.00
967,15,1.00,1.00
968,15,1.00,1.01
969,15,1.00,1.01
970,15,1.00,1.01
971,15,1.00,1.00
972,15,1.00,1.00
973,15,1.00,0.99
974,15,1.00,0.99
975,15,1.00,0.99
976,15,1.00,0.99
977,15,1.00,0.99
978,15,1.00,0.99
979,15,1.00,0.99
980,15,1.00,0.99
981,15,1.00,0.99
982,15,1.00,0.99
983,15,1.00,0.99
984,15,1.00,1.00
985,15,1.00,1.00
986,15,1.00,1.00
987,15,1.00,0.99
988,15,1.00,0.99
989,15,1.00,0.98
990,16,1.00,0.98
991,16,1.00,0.97
992,16,1.00,0.97
993,16,1.00,0.97
994,16,1.00,0.97
995,16,1.00,0.97
996,16,1.00,0.97
997,16,1.00,0.97
998,16,1.00,0.97
999,16,1.00,0.97
1000,16,1.00,0.97
1001,16,1.00,0.99
1002,16,1.00,0.99
1003,16,1.00,0.99
1004,15,1.00,0.99
1005,16,1.00,0.98
1006,16,1.00,0.98
1007,16,1.00,0.97
1008,16,1.00,0.97
1009,16,1.00,0.97
1010,16,1.00,0.97
1011,16,1.00,0.98
1012,16,1.00,0.98
1013,16,1.00,0.99
1014,16,1.00,0.99
1015,16,1.00,0.99
1016,15,1.00,0.99
1017,15,1.00,1.00
1018,15,1.00,1.01
1019,15,1.00,1.01
1020,15,1.00,1.01
1021,15,1.00,1.01
1022,15,1.00,1.01
1023,15,1.00,1.01
1024,15,1.00,1.01
1025,15,1.00,1.01
1026,15,1.00,1.01
1027,15,1.00,1.01
1028,15,1.00,1.01
1029,15,1.00,1.01
1030,15,1.00,1.01
1031,15,1.00,1.02
1032,15,1.00,1.02
1033,15,1.00,1.02
1034,15,1.00,1.02
1035,15,1.00,1.02
1036,15,1.00,1.03
1037,15,1.00,1.02
1038,15,1.00,1.02
1039,15,1.00,1.02
1040,15,1.00,1.02
1041,15,1.00,1.02
1042,15,1.00,1.02
1043,15,1.00,1.01
1044,15,1.00,1.01
1045,15,1.00,1.01
1046,15,1.00,1.01
1047,15,1.00,1.01
1048,15,1.00,1.01
1049,15,1.00,1.01
1050,15,1.00,1.02
1051,15,1.00,1.02
1052,15,1.00,1.02
1053,15,1.00,1.01
1054,15,1.00,1.01
1055,15,1.00,1.01
1056,15,1.00,1.00
1057,15,1.00,1.00
1058,15,1.00,0.99
1059,15,1.00,0.99
1060,15,1.00,0.99
1061,15,1.00,0.99
1062,15,1.00,0.99
1063,15,1.00,0.99
1064,15,1.00,0.99
1065,15,1.00,0.99
1066,15,1.00,0.99
1067,15,1.00,1.00
1068,15,1.00,1.01
1069,15,1.00,1.01
1070,15,1.00,1.01
1071,15,1.00,1.00
1072,15,1.00,1.00
1073,15,1.00,0.99
1074,15,1.00,0.99
1075,15,1.00,0.99
1076,15,1.00,0.99
1077,15,1.00,0.99
1078,15,1.00,0.99
1079,15,1.00,0.99
1080,15,1.00,0.99
1081,15,1.00,0.99
1082,15,1.00,0.99
1083,16,1.00,0.99
1084,15,1.00,0.99
1085,15,1.00,1.00
1086,15,1.00,0.99
1087,15,1.00,0.99
1088,15,1.00,0.99
1089,16,1.00,0.98
1090,16,1.00,0.97
1091,16,1.00,0.97
1092,16,1.00,0.97
1093,16,1.00,0.97
1094,16,1.00,0.97
1095,16,1.00,0.97
1096,16,1.00,0.97
1097,16,1.00,0.97
1098,16,1.00,0.97
1099,16,1.00,0.97
1100,16,1.00,0.98
1101,16,1.00,0.99
1102,16,1.00,0.99
1103,16,1.00,0.99
1104,16,1.00,0.98
1105,16,1.00,0.98
1106,16,1.00,0.97
1107,16,1.00,0.97
1108,16,1.00,0.97
1109,16,1.00,0.97
1110,16,1.00,0.97
1111,16,1.00,0.98
1112,16,1.00,0.98
1113,16,1.00,0.98
1114,16,1.00,0.99
1115,16,1.00,0.99
1116,16,1.00,1.00
1117,15,1.00,1.01
1118,15,1.00,1.01
1119,15,1.00,1.01
1120,15,1.00,1.01
1121,15,1.00,1.01
1122,15,1.00,1.01
1123,15,1.00,1.01
1124,15,1.00,1.01
1125,15,1.00,1.01
1126,15,1.00,1.01
1127,15,1.00,1.01
1128,15,1.00,1.01
1129,15,1.00,1.02
1130,15,1.00,1.02
1131,15,1.00,1.02
1132,15,1.00,1.02
1133,15,1.00,1.03
1134,15,1.00,1.03
1135,15,1.00,1.03
1136,15,1.00,1.03
1137,15,1.00,1.03
1138,15,1.00,1.03
1139,15,1.00,1.03
1140,15,1.00,1.03
1141,15,1.00,1.03
1142,15,1.00,1.03
1143,15,1.00,1.03
1144,15,1.00,1.03
1145,15,1.00,1.03
1146,15,1.00,1.03
1147,15,1.00,1.03
1148,15,1.00,1.03
1149,15,1.00,1.03
1150,15,1.00,1.03
1151,15,1.00,1.03
1152,15,1.00,1.02
1153,15,1.00,1.02
1154,15,1.00,1.02
1155,15,1.00,1.01
1156,15,1.00,1.01
1157,15,1.00,1.01
1158,15,1.00,1.01
1159,15,1.00,1.01
1160,15,1.00,1.00
1161,15,1.00,1.00
1162,15,1.00,1.00
1163,15,1.00,1.00
1164,15,1.00,1.00
1165,15,1.00,1.00
1166,15,1.00,1.01
1167,15,1.00,1.01
1168,15,1.00,1.01
1169,15,1.00,1.01
1170,15,1.00,1.01
1171,15,1.00,1.00
1172,15,1.00,1.00
1173,15,1.00,1.00
1174,15,1.00,0.99
1175,15,1.00,0.99
1176,15,1.00,0.99
1177,15,1.00,0.99
1178,15,1.00,0.99
1179,15,1.00,0.99
1180,15,1.00,0.99
1181,15,1.00,0.99
1182,15,1.00,1.00
1183,15,1.00,1.00
1184,15,1.00,1.00
1185,15,1.00,1.00
1186,15,1.00,0.99
1187,15,1.00,0.99
1188,15,1.00,0.99
1189,15,1.00,0.98
1190,16,1.00,0.98
1191,16,1.00,0.98
1192,16,1.00,0.97
1193,16,1.00,0.97
1194,16,1.00,0.97
1195,16,1.00,0.97
1196,16,1.00,0.97
1197,16,1.00,0.97
1198,16,1.00,0.98
1199,16,1.00,0.98
1200,16,1.00,0.99
1201,16,1.00,0.99
1202,15,1.00,0.99
1203,15,1.00,0.99
1204,16,1.00,0.99
1205,16,1.00,0.98
1206,16,1.00,0.98
1207,16,1.00,0.98
1208,16,1.00,0.98
1209,16,1.00,0.98
1210,16,1.00,0.99
1211,16,1.00,0.99
1212,16,1.00,0.99
1213,16,1.00,0.99
1214,15,1.00,1.00
1215,15,1.00,1.00
1216,15,1.00,1.01
1217,15,1.00,1.01
1218,15,1.00,1.01
1219,15,1.00,1.01
1220,15,1.00,1.01
1221,15,1.00,1.01
1222,15,1.00,1.01
1223,15,1.00,1.01
1224,15,1.00,1.01
1225,15,1.00,1.01
1226,15,1.00,1.02
1227,15,1.00,1.02
1228,15,1.00,1.02
1229,15,1.00,1.02
1230,15,1.00,1.02
1231,15,1.00,1.03
1232,15,1.00,1.03
1233,15,1.00,1.03
1234,14,1.00,1.03
1235,14,1.00,1.03
1236,14,1.00,1.03
1237,14,1.00,1.03
1238,14,1.00,1.03
1239,15,1.00,1.03
1240,15,1.00,1.03
1241,15,1.00,1.03
1242,15,1.00,1.03
1243,15,1.00,1.03
1244,15,1.00,1.03
1245,15,1.00,1.02
1246,15,1.00,1.02
1247,15,1.00,1.02
1248,15,1.00,1.03
1249,15,1.00,1.03
1250,14,1.00,1.02
1251,15,1.00,1.02
1252,15,1.00,1.02
1253,15,1.00,1.02
1254,15,1.00,1.01
1255,15,1.00,1.01
1256,15,1.00,1.01
1257,15,1.00,1.00
1258,15,1.00,1.00
1259,15,1.00,1.00
1260,15,1.00,1.00
1261,15,1.00,1.00
1262,15,1.00,1.00
1263,15,1.00,1.00
1264,15,1.00,1.00
1265,15,1.00,1.00
1266,15,1.00,1.01
1267,15,1.00,1.01
1268,15,1.00,1.01
1269,15,1.00,1.00
1270,15,1.00,1.00
1271,15,1.00,0.99
1272,15,1.00,0.99
1273,15,1.00,0.99
1274,15,1.00,0.99
1275,15,1.00,0.99
1276,15,1.00,0.99
1277,15,1.00,0.99
1278,15,1.00,0.99
1279,15,1.00,0.99
1280,15,1.00,0.99
1281,15,1.00,0.99
1282,15,1.00,1.00
1283,15,1.00,1.00
1284,15,1.00,1.00
1285,15,1.00,0.99
1286,15,1.00,0.99
1287,15,1.00,0.99
1288,15,1.00,0.98
1289,16,1.00,0.98
1290,16,1.00,0.98
1291,16,1.00,0.97
1292,16,1.00,0.97
1293,16,1.00,0.97
1294,16,1.00,0.97
1295,16,1.00,0.97
1296,16,1.00,0.97
1297,16,1.00,0.97
1298,16,1.00,0.98
1299,16,1.00,0.99
1300,15,1.00,0.99
1301,15,1.00,0.99
1302,15,1.00,0.99
1303,15,1.00,0.99
1304,15,1.00,0.98
1305,16,1.00,0.98
1306,16,1.00,0.97
1307,16,1.00,0.97
1308,16,1.00,0.98
1309,16,1.00,0.98
1310,16,1.00,0.98
1311,16,1.00,0.99
1312,16,1.00,0.99
1313,16,1.00,0.99
1314,16,1.00,0.99
1315,15,1.00,1.00
1316,15,1.00,1.01
1317,15,1.00,1.01
1318,15,1.00,1.01
1319,15,1.00,1.01
1320,15,1.00,1.00
1321,15,1.00,1.00
1322,15,1.00,1.00
1323,15,1.00,1.00
1324,15,1.00,1.01
1325,15,1.00,1.01
1326,15,1.00,1.01
1327,15,1.00,1.01
1328,15,1.00,1.01
1329,15,1.00,1.01
1330,15,1.00,1.01
1331,15,1.00,1.01
1332,15,1.00,1.01
1333,15,1.00,1.02
1334,15,1.00,1.02
1335,15,1.00,1.02
1336,15,1.00,1.02
1337,15,1.00,1.02
1338,15,1.00,1.02
1339,15,1.00,1.02
1340,15,1.00,1.01
1341,15,1.00,1.01
1342,15,1.00,1.01
1343,15,1.00,1.01
1344,15,1.00,1.01
1345,15,1.00,1.01
1346,15,1.00,1.01
1347,15,1.00,1.01
1348,15,1.00,1.02
1349,15,1.00,1.02
1350,15,1.00,1.02
1351,15,1.00,1.01
1352,15,1.00,1.01
1353,15,1.00,1.01
1354,15,1.00,1.00
1355,15,1.00,1.00
1356,15,1.00,0.99
1357,15,1.00,0.99
1358,15,1.00,0.99
1359,15,1.00,0.99
1360,15,1.00,0.99
1361,15,1.00,0.99
1362,15,1.00,0.99
1363,15,1.00,0.99
1364,15,1.00,0.99
1365,15,1.00,1.00
1366,15,1.00,1.01
1367,15,1.00,1.01
1368,15,1.00,1.01
1369,15,1.00,1.00
1370,15,1.00,0.99
1371,15,1.00,0.99
1372,15,1.00,0.99
1373,15,1.00,0.99
1374,15,1.00,0.99
1375,15,1.00,0.99
1376,15,1.00,0.99
1377,15,1.00,0.99
1378,15,1.00,0.99
1379,15,1.00,0.99
1380,15,1.00,0.99
1381,15,1.00,0.99
1382,15,1.00,0.99
1383,15,1.00,1.00
1384,15,1.00,1.00
1385,15,1.00,0.99
1386,15,1.00,0.99
1387,15,1.00,0.98
1388,16,1.00,0.98
1389,16,1.00,0.97
1390,16,1.00,0.97
1391,16,1.00,0.97
1392,16,1.00,0.97
1393,16,1.00,0.97
1394,16,1.00,0.97
1395,16,1.00,0.97
1396,16,1.00,0.97
1397,16,1.00,0.97
1398,16,1.00,0.98
1399,16,1.00,0.99
1400,16,1.00,0.99
1401,16,1.00,0.99
1402,16,1.00,0.99
1403,16,1.00,0.98
1404,16,1.00,0.98
1405,16,1.00,0.97
1406,16,1.00,0.97
1407,16,1.00,0.97
1408,16,1.00,0.98
1409,16,1.00,0.98
1410,16,1.00,0.98
1411,16,1.00,0.99
1412,16,1.00,0.99
1413,16,1.00,0.99
1414,16,1.00,1.00
1415,15,1.00,1.01
1416,15,1.00,1.01
1417,15,1.00,1.01
1418,15,1.00,1.01
1419,15,1.00,1.01
1420,15,1.00,1.01
1421,15,1.00,1.01
1422,15,1.00,1.01
1423,15,1.00,1.01
1424,15,1.00,1.01
1425,15,1.00,1.02
1426,15,1.00,1.02
1427,15,1.00,1.02
1428,15,1.00,1.03
1429,15,1.00,1.03
1430,15,1.00,1.03
1431,15,1.00,1.03
1432,15,1.00,1.03
1433,15,1.00,1.03
1434,15,1.00,1.03
1435,14,1.00,1.03
1436,14,1.00,1.03
1437,14,1.00,1.03
1438,14,1.00,1.03
1439,14,1.00,1.03
1440,14,1.00,1.03
1441,14,1.00,1.03
1442,14,1.00,1.03
1443,14,1.00,1.03
1444,14,1.00,1.03
1445,15,1.00,1.03
1446,15,1.00,1.03
1447,15,1.00,1.03
1448,15,1.00,1.03
1449,15,1.00,1.03
1450,15,1.00,1.03
1451,14,1.00,1.03
1452,14,1.00,1.02
1453,15,1.00,1.01
1454,15,1.00,1.01
1455,15,1.00,1.01
1456,15,1.00,1.01
1457,15,1.00,1.00
1458,15,1.00,1.00
1459,15,1.00,1.00
1460,15,1.00,1.00
1461,15,1.00,1.00
1462,15,1.00,1.00
1463,15,1.00,1.00
1464,15,1.00,1.00
1465,15,1.00,1.01
1466,15,1.00,1.01
1467,15,1.00,1.01
1468,15,1.00,1.00
1469,15,1.00,0.99
1470,15,1.00,0.99
1471,15,1.00,0.99
1472,15,1.00,0.99
1473,15,1.00,0.99
1474,15,1.00,0.99
1475,15,1.00,0.99
1476,15,1.00,0.99
1477,15,1.00,0.99
1478,15,1.00,0.99
1479,15,1.00,0.99
1480,15,1.00,0.99
1481,15,1.00,0.99
1482,15,1.00,1.00
1483,15,1.00,1.00
1484,15,1.00,0.99
1485,15,1.00,0.99
1486,15,1.00,0.98
1487,16,1.00,0.98
1488,16,1.00,0.97
1489,16,1.00,0.97
1490,16,1.00,0.97
1491,16,1.00,0.97
1492,16,1.00,0.97
1493,16,1.00,0.97
1494,16,1.00,0.97
1495,16,1.00,0.97
1496,16,1.00,0.97
1497,16,1.00,0.98
1498,16,1.00,0.99
1499,15,1.00,0.99
1500,15,4.50,0.99
1501,97,4.50,0.99
1502,98,4.50,0.99
1503,99,4.50,0.99
1504,100,4.50,1.01
1505,101,4.50,1.03
1506,102,4.50,1.06
1507,102,4.50,1.11
1508,102,4.50,1.16
1509,102,4.50,1.19
1510,102,4.50,1.23
1511,102,4.50,1.30
1512,102,4.50,1.39
1513,101,4.50,1.50
1514,99,4.50,1.59
1515,98,4.50,1.66
1516,97,4.50,1.75
1517,96,4.50,1.85
1518,95,4.50,1.91
1519,94,4.50,1.97
1520,93,4.50,2.08
1521,92,4.50,2.20
1522,90,4.50,2.28
1523,88,4.50,2.36
1524,87,4.50,2.46
1525,85,4.50,2.54
1526,84,4.50,2.61
1527,83,4.50,2.71
1528,82,4.50,2.78
1529,81,4.50,2.87
1530,79,4.50,3.00
1531,76,4.50,3.08
1532,75,4.50,3.19
1533,73,4.50,3.32
1534,70,4.50,3.41
1535,69,4.50,3.50
1536,67,4.50,3.59
1537,65,4.50,3.63
1538,64,4.50,3.70
1539,63,4.50,3.80
1540,61,4.50,3.85
1541,60,4.50,3.92
1542,59,4.50,4.00
1543,57,4.50,4.01
1544,57,4.50,4.01
1545,57,4.50,4.03
1546,57,4.50,4.02
1547,57,4.50,4.08
1548,56,4.50,4.09
1549,56,4.50,4.10
1550,56,4.50,4.15
1551,54,4.50,4.18
1552,54,4.50,4.16
1553,55,4.50,4.15
1554,55,4.50,4.14
1555,55,4.50,4.15
1556,55,4.50,4.19
1557,54,4.50,4.21
1558,54,4.50,4.24
1559,53,4.50,4.25
1560,53,4.50,4.25
1561,53,4.50,4.26
1562,53,4.50,4.25
1563,53,4.50,4.25
1564,53,4.50,4.28
1565,53,4.50,4.25
1566,54,4.50,4.26
1567,54,4.50,4.29
1568,53,4.50,4.26
1569,54,4.50,4.29
1570,53,4.50,4.29
1571,53,4.50,4.22
1572,55,4.50,4.24
1573,54,4.50,4.28
1574,53,4.50,4.26
1575,54,4.50,4.30
1576,53,4.50,4.30
1577,53,4.50,4.26
1578,54,4.50,4.28
1579,54,4.50,4.23
1580,55,4.50,4.25
1581,55,4.50,4.30
1582,54,4.50,4.26
1583,55,4.50,4.28
1584,54,4.50,4.32
1585,53,4.50,4.30
1586,54,4.50,4.33
1587,53,4.50,4.34
1588,53,4.50,4.28
1589,55,4.50,4.32
1590,54,4.50,4.36
1591,53,4.50,4.34
1592,53,4.50,4.39
1593,52,4.50,4.37
1594,53,4.50,4.34
1595,53,4.50,4.37
1596,53,4.50,4.32
1597,54,4.50,4.35
1598,53,4.50,4.41
1599,52,4.50,4.37
1600,53,4.50,4.41
1601,52,4.50,4.41
1602,52,4.50,4.39
1603,53,4.50,4.43
1604,52,4.50,4.39
1605,53,4.50,4.35
1606,54,4.50,4.41
1607,52,4.50,4.39
1608,53,4.50,4.40
1609,53,4.50,4.41
1610,52,4.50,4.39
1611,53,4.50,4.42
1612,52,4.50,4.40
1613,53,4.50,4.36
1614,54,4.50,4.41
1615,52,4.50,4.39
1616,53,4.50,4.37
1617,53,4.50,4.43
1618,52,4.50,4.41
1619,53,4.50,4.39
1620,53,4.50,4.39
1621,53,4.50,4.35
1622,54,4.50,4.34
1623,55,4.50,4.33
1624,55,4.50,4.32
1625,55,4.50,4.35
1626,54,4.50,4.34
1627,55,4.50,4.32
1628,55,4.50,4.37
1629,54,4.50,4.34
1630,55,4.50,4.32
1631,55,4.50,4.32
1632,55,4.50,4.29
1633,56,4.50,4.33
1634,55,4.50,4.32
1635,55,4.50,4.31
1636,56,4.50,4.35
1637,55,4.50,4.32
1638,56,4.50,4.29
1639,56,4.50,4.35
1640,55,4.50,4.34
1641,56,4.50,4.36
1642,55,4.50,4.37
1643,55,4.50,4.35
1644,55,4.50,4.39
1645,54,4.50,4.37
1646,55,4.50,4.35
1647,55,4.50,4.41
1648,54,4.50,4.39
1649,55,4.50,4.38
1650,55,4.50,4.39
1651,55,4.50,4.37
1652,55,4.50,4.41
1653,54,4.50,4.39
1654,55,4.50,4.36
1655,55,4.50,4.42
1656,54,4.50,4.41
1657,54,4.50,4.41
1658,55,4.50,4.41
1659,54,4.50,4.40
1660,55,4.50,4.39
1661,55,4.50,4.39
1662,55,4.50,4.37
1663,56,4.50,4.43
1664,54,4.50,4.42
1665,54,4.50,4.41
1666,55,4.50,4.46
1667,53,4.50,4.46
1668,54,4.50,4.45
1669,54,4.50,4.45
1670,54,4.50,4.43
1671,54,4.50,4.43
1672,54,4.50,4.43
1673,54,4.50,4.43
1674,54,4.50,4.44
1675,54,4.50,4.43
1676,54,4.50,4.43
1677,55,4.50,4.43
1678,55,4.50,4.42
1679,55,4.50,4.42
1680,55,4.50,4.41
1681,55,4.50,4.41
1682,55,4.50,4.45
1683,54,4.50,4.45
1684,54,4.50,4.45
1685,54,4.50,4.45
1686,54,4.50,4.44
1687,54,4.50,4.44
1688,54,4.50,4.44
1689,54,4.50,4.43
1690,55,4.50,4.45
1691,54,4.50,4.45
1692,54,4.50,4.45
1693,54,4.50,4.45
1694,54,4.50,4.44
1695,55,4.50,4.44
1696,55,4.50,4.44
1697,55,4.50,4.44
1698,55,4.50,4.44
1699,55,4.50,4.44
1700,55,4.50,4.43
1701,55,4.50,4.44
1702,55,4.50,4.43
1703,55,4.50,4.43
1704,55,4.50,4.43
1705,55,4.50,4.43
1706,55,4.50,4.43
1707,55,4.50,4.43
1708,55,4.50,4.43
1709,55,4.50,4.43
1710,55,4.50,4.43
1711,55,4.50,4.44
1712,55,4.50,4.44
1713,55,4.50,4.44
1714,55,4.50,4.44
1715,55,4.50,4.44
1716,55,4.50,4.44
1717,55,4.50,4.44
1718,55,4.50,4.45
1719,55,4.50,4.45
1720,55,4.50,4.45
1721,55,4.50,4.45
1722,55,4.50,4.44
1723,55,4.50,4.44
1724,55,4.50,4.45
1725,55,4.50,4.45
1726,55,4.50,4.45
1727,55,4.50,4.45
1728,55,4.50,4.46
1729,55,4.50,4.46
1730,55,4.50,4.41
1731,56,4.50,4.41
1732,56,4.50,4.42
1733,56,4.50,4.42
1734,56,4.50,4.44
1735,55,4.50,4.44
1736,55,4.50,4.45
1737,55,4.50,4.45
1738,55,4.50,4.44
1739,55,4.50,4.45
1740,55,4.50,4.45
1741,55,4.50,4.45
1742,55,4.50,4.47
1743,55,4.50,4.43
1744,56,4.50,4.44
1745,56,4.50,4.45
1746,55,4.50,4.41
1747,56,4.50,4.42
1748,56,4.50,4.43
1749,56,4.50,4.43
1750,56,4.50,4.45
1751,55,4.50,4.46
1752,55,4.50,4.46
1753,55,4.50,4.47
1754,55,4.50,4.47
1755,55,4.50,4.48
1756,55,4.50,4.49
1757,55,4.50,4.50
1758,54,4.50,4.52
1759,54,4.50,4.46
1760,55,4.50,4.47
1761,55,4.50,4.48
1762,55,4.50,4.49
1763,55,4.50,4.50
1764,54,4.50,4.50
1765,54,4.50,4.52
1766,54,4.50,4.54
1767,53,4.50,4.48
1768,55,4.50,4.49
1769,55,4.50,4.50
1770,54,4.50,4.49
1771,55,4.50,4.50
1772,54,4.50,4.51
1773,54,4.50,4.53
1774,54,4.50,4.55
1775,53,4.50,4.53
1776,54,4.50,4.55
1777,53,4.50,4.55
1778,53,4.50,4.55
1779,53,4.50,4.56
1780,53,4.50,4.52
1781,54,4.50,4.54
1782,53,4.50,4.56
1783,53,4.50,4.50
1784,54,4.50,4.51
1785,54,4.50,4.50
1786,54,4.50,4.50
1787,54,4.50,4.52
1788,54,4.50,4.48
1789,55,4.50,4.50
1790,54,4.50,4.52
1791,54,4.50,4.52
1792,54,4.50,4.54
1793,53,4.50,4.54
1794,53,4.50,4.54
1795,53,4.50,4.55
1796,53,4.50,4.51
1797,54,4.50,4.54
1798,53,4.50,4.55
1799,53,4.50,4.55
1800,53,4.50,4.57
1801,52,4.50,4.53
1802,53,4.50,4.54
1803,53,4.50,4.55
1804,53,4.50,4.51
1805,54,4.50,4.54
1806,53,4.50,4.50
1807,54,4.50,4.50
1808,54,4.50,4.52
1809,53,4.50,4.48
1810,55,4.50,4.48
1811,54,4.50,4.50
1812,54,4.50,4.50
1813,54,4.50,4.53
1814,53,4.50,4.54
1815,53,4.50,4.55
1816,53,4.50,4.55
1817,53,4.50,4.52
1818,53,4.50,4.54
1819,53,4.50,4.55
1820,53,4.50,4.55
1821,53,4.50,4.58
1822,52,4.50,4.52
1823,53,4.50,4.54
1824,53,4.50,4.55
1825,53,4.50,4.51
1826,54,4.50,4.52
1827,53,4.50,4.52
1828,53,4.50,4.54
1829,53,4.50,4.57
1830,52,4.50,4.51
1831,54,4.50,4.52
1832,53,4.50,4.52
1833,53,4.50,4.52
1834,53,4.50,4.53
1835,53,4.50,4.54
1836,53,4.50,4.56
1837,52,4.50,4.57
1838,52,4.50,4.56
1839,52,4.50,4.58
1840,52,4.50,4.59
1841,52,4.50,4.59
1842,52,4.50,4.60
1843,51,4.50,4.55
1844,52,4.50,4.58
1845,52,4.50,4.61
1846,51,4.50,4.54
1847,53,4.50,4.55
1848,52,4.50,4.53
1849,53,4.50,4.53
1850,53,4.50,4.54
1851,52,4.50,4.50
1852,53,4.50,4.52
1853,53,4.50,4.54
1854,53,4.50,4.54
1855,53,4.50,4.55
1856,52,4.50,4.55
1857,52,4.50,4.55
1858,52,4.50,4.56
1859,52,4.50,4.51
1860,53,4.50,4.54
1861,52,4.50,4.55
1862,52,4.50,4.55
1863,52,4.50,4.56
1864,52,4.50,4.52
1865,53,4.50,4.54
1866,52,4.50,4.55
1867,52,4.50,4.50
1868,53,4.50,4.52
1869,53,4.50,4.49
1870,53,4.50,4.49
1871,53,4.50,4.50
1872,53,4.50,4.46
1873,54,4.50,4.46
1874,54,4.50,4.47
1875,54,4.50,4.47
1876,54,4.50,4.50
1877,53,4.50,4.50
1878,53,4.50,4.51
1879,53,4.50,4.52
1880,53,4.50,4.50
1881,53,4.50,4.51
1882,53,4.50,4.52
1883,53,4.50,4.52
1884,53,4.50,4.54
1885,52,4.50,4.48
1886,54,4.50,4.50
1887,53,4.50,4.50
1888,53,4.50,4.47
1889,54,4.50,4.48
1890,54,4.50,4.49
1891,53,4.50,4.50
1892,53,4.50,4.53
1893,53,4.50,4.47
1894,54,4.50,4.48
1895,54,4.50,4.48
1896,54,4.50,4.47
1897,54,4.50,4.48
1898,54,4.50,4.49
1899,54,4.50,4.51
1900,53,4.50,4.52
1901,53,4.50,4.51
1902,53,4.50,4.52
1903,53,4.50,4.53
1904,53,4.50,4.53
1905,53,4.50,4.54
1906,52,4.50,4.50
1907,53,4.50,4.52
1908,53,4.50,4.54
1909,52,4.50,4.48
1910,54,4.50,4.50
1911,53,4.50,4.50
1912,53,4.50,4.49
1913,53,4.50,4.51
1914,53,4.50,4.46
1915,54,4.50,4.48
1916,54,4.50,4.50
1917,53,4.50,4.50
1918,53,4.50,4.51
1919,53,4.50,4.52
1920,53,4.50,4.51
1921,53,4.50,4.52
1922,53,4.50,4.47
1923,54,4.50,4.50
1924,53,4.50,4.51
1925,53,4.50,4.51
1926,53,4.50,4.52
1927,53,4.50,4.48
1928,54,4.50,4.49
1929,53,4.50,4.50
1930,53,4.50,4.46
1931,54,4.50,4.48
1932,54,4.50,4.49
1933,53,4.50,4.48
1934,54,4.50,4.50
1935,53,4.50,4.46
1936,54,4.50,4.46
1937,54,4.50,4.48
1938,54,4.50,4.48
1939,54,4.50,4.50
1940,53,4.50,4.52
1941,53,4.50,4.52
1942,53,4.50,4.52
1943,53,4.50,4.48
1944,54,4.50,4.50
1945,53,4.50,4.51
1946,53,4.50,4.52
1947,53,4.50,4.54
1948,52,4.50,4.48
1949,54,4.50,4.49
1950,53,4.50,4.50
1951,53,4.50,4.45
1952,54,4.50,4.46
1953,54,4.50,4.46
1954,54,4.50,4.47
1955,54,4.50,4.50
1956,53,4.50,4.45
1957,55,4.50,4.45
1958,54,4.50,4.46
1959,54,4.50,4.46
1960,54,4.50,4.47
1961,54,4.50,4.48
1962,54,4.50,4.49
1963,54,4.50,4.51
1964,53,4.50,4.46
1965,54,4.50,4.47
1966,54,4.50,4.48
1967,54,4.50,4.48
1968,54,4.50,4.48
1969,54,4.50,4.45
1970,55,4.50,4.46
1971,54,4.50,4.48
1972,54,4.50,4.43
1973,55,4.50,4.44
1974,55,4.50,4.44
1975,55,4.50,4.43
1976,55,4.50,4.45
1977,55,4.50,4.41
1978,56,4.50,4.43
1979,55,4.50,4.45
1980,55,4.50,4.45
1981,55,4.50,4.47
1982,54,4.50,4.48
1983,54,4.50,4.48
1984,54,4.50,4.50
1985,54,4.50,4.45
1986,55,4.50,4.48
1987,54,4.50,4.50
1988,54,4.50,4.49
1989,54,4.50,4.50
1990,54,4.50,4.46
1991,55,4.50,4.47
1992,54,4.50,4.49
1993,54,4.50,4.45
1994,55,4.50,4.47
1995,54,4.50,4.48
1996,54,4.50,4.48
1997,54,4.50,4.50
1998,54,4.50,4.46
1999,55,4.50,4.46
2000,55,1.80,4.48
2001,0,1.80,4.47
2002,0,1.80,4.51
2003,0,1.80,4.52
2004,0,1.80,4.52
2005,0,1.80,4.54
2006,0,1.80,4.50
2007,0,1.80,4.51
2008,0,1.80,4.52
2009,0,1.80,4.52
2010,0,1.80,4.54
2011,0,1.80,4.49
2012,0,1.80,4.50
2013,0,1.80,4.50
2014,0,1.80,4.46
2015,0,1.80,4.46
2016,0,1.80,4.46
2017,0,1.80,4.46
2018,0,1.80,4.46
2019,0,1.80,4.46
2020,0,1.80,4.46
2021,0,1.80,4.45
2022,0,1.80,4.43
2023,0,1.80,4.43
2024,0,1.80,4.41
2025,0,1.80,4.41
2026,0,1.80,4.39
2027,0,1.80,4.37
2028,0,1.80,4.36
2029,0,1.80,4.34
2030,0,1.80,4.37
2031,0,1.80,4.36
2032,0,1.80,4.34
2033,0,1.80,4.37
2034,0,1.80,4.32
2035,0,1.80,4.26
2036,0,1.80,4.31
2037,0,1.80,4.27
2038,0,1.80,4.29
2039,0,1.80,4.31
2040,0,1.80,4.26
2041,0,1.80,4.27
2042,0,1.80,4.26
2043,0,1.80,4.23
2044,0,1.80,4.26
2045,0,1.80,4.26
2046,0,1.80,4.25
2047,0,1.80,4.26
2048,0,1.80,4.27
2049,0,1.80,4.28
2050,0,1.80,4.25
2051,0,1.80,4.21
2052,0,1.80,4.18
2053,0,1.80,4.17
2054,0,1.80,4.24
2055,0,1.80,4.25
2056,0,1.80,4.23
2057,0,1.80,4.26
2058,0,1.80,4.24
2059,0,1.80,4.18
2060,0,1.80,4.20
2061,0,1.80,4.17
2062,0,1.80,4.14
2063,0,1.80,4.17
2064,0,1.80,4.15
2065,0,1.80,4.12
2066,0,1.80,4.15
2067,0,1.80,4.15
2068,0,1.80,4.08
2069,0,1.80,4.07
2070,0,1.80,4.07
2071,0,1.80,4.01
2072,0,1.80,4.04
2073,0,1.80,4.06
2074,0,1.80,4.03
2075,0,1.80,4.03
2076,0,1.80,4.02
2077,0,1.80,3.95
2078,0,1.80,3.94
2079,0,1.80,3.92
2080,0,1.80,3.90
2081,0,1.80,3.89
2082,0,1.80,3.88
2083,0,1.80,3.89
2084,0,1.80,3.90
2085,0,1.80,3.86
2086,0,1.80,3.81
2087,0,1.80,3.83
2088,0,1.80,3.81
2089,0,1.80,3.77
2090,0,1.80,3.79
2091,0,1.80,3.77
2092,0,1.80,3.73
2093,0,1.80,3.75
2094,0,1.80,3.79
2095,0,1.80,3.74
2096,0,1.80,3.75
2097,0,1.80,3.77
2098,0,1.80,3.74
2099,0,1.80,3.69
2100,0,1.80,3.70
2101,0,1.80,3.70
2102,0,1.80,3.67
2103,0,1.80,3.68
2104,0,1.80,3.68
2105,0,1.80,3.66
2106,0,1.80,3.65
2107,0,1.80,3.64
2108,0,1.80,3.63
2109,0,1.80,3.66
2110,0,1.80,3.66
2111,0,1.80,3.65
2112,0,1.80,3.63
2113,0,1.80,3.65
2114,0,1.80,3.62
2115,0,1.80,3.59
2116,0,1.80,3.62
2117,0,1.80,3.66
2118,0,1.80,3.63
2119,0,1.80,3.60
2120,0,1.80,3.61
2121,0,1.80,3.59
2122,0,1.80,3.55
2123,0,1.80,3.57
2124,0,1.80,3.58
2125,0,1.80,3.57
2126,0,1.80,3.51
2127,0,1.80,3.51
2128,0,1.80,3.53
2129,0,1.80,3.50
2130,0,1.80,3.48
2131,0,1.80,3.48
2132,0,1.80,3.49
2133,0,1.80,3.48
2134,0,1.80,3.47
2135,0,1.80,3.46
2136,0,1.80,3.43
2137,0,1.80,3.40
2138,0,1.80,3.39
2139,0,1.80,3.37
2140,0,1.80,3.37
2141,0,1.80,3.37
2142,0,1.80,3.39
2143,0,1.80,3.38
2144,0,1.80,3.36
2145,0,1.80,3.37
2146,0,1.80,3.39
2147,0,1.80,3.37
2148,0,1.80,3.32
2149,0,1.80,3.27
2150,0,1.80,3.29
2151,0,1.80,3.30
2152,0,1.80,3.26
2153,0,1.80,3.28
2154,0,1.80,3.31
2155,0,1.80,3.33
2156,0,1.80,3.30
2157,0,1.80,3.26
2158,0,1.80,3.28
2159,0,1.80,3.31
2160,0,1.80,3.30
2161,0,1.80,3.28
2162,0,1.80,3.28
2163,0,1.80,3.26
2164,0,1.80,3.26
2165,0,1.80,3.25
2166,0,1.80,3.23
2167,0,1.80,3.23
2168,0,1.80,3.25
2169,0,1.80,3.26
2170,0,1.80,3.30
2171,0,1.80,3.29
2172,0,1.80,3.26
2173,0,1.80,3.24
2174,0,1.80,3.23
2175,0,1.80,3.24
2176,0,1.80,3.22
2177,0,1.80,3.17
2178,0,1.80,3.17
2179,0,1.80,3.20
2180,0,1.80,3.23
2181,0,1.80,3.21
2182,0,1.80,3.17
2183,0,1.80,3.15
2184,0,1.80,3.18
2185,0,1.80,3.18
2186,0,1.80,3.15
2187,0,1.80,3.10
2188,0,1.80,3.10
2189,0,1.80,3.12
2190,0,1.80,3.12
2191,0,1.80,3.10
2192,0,1.80,3.05
2193,0,1.80,3.03
2194,0,1.80,3.05
2195,0,1.80,3.06
2196,0,1.80,3.05
2197,0,1.80,3.03
2198,0,1.80,3.03
2199,0,1.80,3.01
2200,0,1.80,2.98
2201,0,1.80,2.96
2202,0,1.80,2.95
2203,0,1.80,2.96
2204,0,1.80,2.94
2205,0,1.80,2.90
2206,0,1.80,2.87
2207,0,1.80,2.86
2208,0,1.80,2.87
2209,0,1.80,2.88
2210,0,1.80,2.83
2211,0,1.80,2.78
2212,0,1.80,2.75
2213,0,1.80,2.75
2214,0,1.80,2.77
2215,0,1.80,2.77
2216,0,1.80,2.75
2217,0,1.80,2.71
2218,0,1.80,2.68
2219,0,1.80,2.70
2220,0,1.80,2.70
2221,0,1.80,2.68
2222,0,1.80,2.65
2223,0,1.80,2.60
2224,0,1.80,2.58
2225,0,1.80,2.57
2226,0,1.80,2.56
2227,0,1.80,2.55
2228,0,1.80,2.54
2229,0,1.80,2.53
2230,0,1.80,2.54
2231,0,1.80,2.52
2232,0,1.80,2.50
2233,0,1.80,2.46
2234,0,1.80,2.44
2235,0,1.80,2.42
2236,0,1.80,2.43
2237,0,1.80,2.43
2238,0,1.80,2.39
2239,0,1.80,2.35
2240,0,1.80,2.32
2241,0,1.80,2.30
2242,0,1.80,2.32
2243,0,1.80,2.34
2244,0,1.80,2.34
2245,0,1.80,2.31
2246,0,1.80,2.28
2247,0,1.80,2.24
2248,0,1.80,2.21
2249,0,1.80,2.21
2250,0,1.80,2.21
2251,0,1.80,2.20
2252,0,1.80,2.18
2253,0,1.80,2.15
2254,0,1.80,2.13
2255,0,1.80,2.11
2256,0,1.80,2.10
2257,0,1.80,2.10
2258,0,1.80,2.08
2259,0,1.80,2.06
2260,0,1.80,2.04
2261,0,1.80,2.02
2262,0,1.80,2.01
2263,0,1.80,2.01
2264,0,1.80,1.99
2265,0,1.80,1.96
2266,0,1.80,1.94
2267,0,1.80,1.91
2268,0,1.80,1.90
2269,0,1.80,1.88
2270,0,1.80,1.89
2271,0,1.80,1.90
2272,0,1.80,1.89
2273,0,1.80,1.86
2274,0,1.80,1.83
2275,0,1.80,1.79
2276,0,1.80,1.75
2277,0,1.80,1.73
2278,0,1.80,1.72
2279,0,1.80,1.73
2280,0,1.80,1.73
2281,0,1.80,1.72
2282,0,1.80,1.70
2283,0,1.80,1.69
2284,0,1.80,1.67
2285,0,1.80,1.65
2286,0,1.80,1.63
2287,0,1.80,1.62
2288,0,1.80,1.61
2289,0,1.80,1.60
2290,0,1.80,1.58
2291,0,1.80,1.56
2292,0,1.80,1.54
2293,0,1.80,1.52
2294,0,1.80,1.50
2295,0,1.80,1.48
2296,0,1.80,1.47
2297,0,1.80,1.46
2298,0,1.80,1.45
2299,0,1.80,1.42
2300,0,1.80,1.39
2301,0,1.80,1.37
2302,0,1.80,1.35
2303,0,1.80,1.33
2304,0,1.80,1.32
2305,0,1.80,1.31
2306,0,1.80,1.31
2307,0,1.80,1.31
2308,0,1.80,1.31
2309,0,1.80,1.30
2310,0,1.80,1.28
2311,0,1.80,1.26
2312,0,1.80,1.24
2313,0,1.80,1.21
2314,0,1.80,1.19
2315,0,1.80,1.15
2316,0,1.80,1.14
2317,0,1.80,1.12
2318,0,1.80,1.12
2319,0,1.80,1.10
2320,0,1.80,1.09
2321,0,1.80,1.08
2322,0,1.80,1.06
2323,0,1.80,1.04
2324,0,1.80,1.02
2325,0,1.80,1.01
2326,0,1.80,0.99
2327,0,1.80,0.97
2328,0,1.80,0.95
2329,0,1.80,0.94
2330,0,1.80,0.94
2331,0,1.80,0.94
2332,0,1.80,0.92
2333,0,1.80,0.91
2334,0,1.80,0.89
2335,0,1.80,0.87
2336,0,1.80,0.85
2337,0,1.80,0.82
2338,0,1.80,0.79
2339,0,1.80,0.77
2340,0,1.80,0.75
2341,0,1.80,0.72
2342,0,1.80,0.70
2343,0,1.80,0.68
2344,0,1.80,0.66
2345,0,1.80,0.65
2346,0,1.80,0.65
2347,0,1.80,0.64
2348,0,1.80,0.63
2349,0,1.80,0.62
2350,0,1.80,0.61
2351,0,1.80,0.59
2352,0,1.80,0.57
2353,0,1.80,0.56
2354,0,1.80,0.54
2355,0,1.80,0.53
2356,0,1.80,0.51
2357,0,1.80,0.49
2358,0,1.80,0.48
2359,0,1.80,0.46
2360,0,1.80,0.45
2361,0,1.80,0.43
2362,0,1.80,0.41
2363,0,1.80,0.39
2364,0,1.80,0.38
2365,0,1.80,0.36
2366,0,1.80,0.35
2367,0,1.80,0.34
2368,0,1.80,0.33
2369,0,1.80,0.32
2370,0,1.80,0.30
2371,0,1.80,0.29
2372,0,1.80,0.27
2373,0,1.80,0.26
2374,0,1.80,0.25
2375,0,1.80,0.23
2376,0,1.80,0.21
2377,0,1.80,0.20
2378,0,1.80,0.19
2379,0,1.80,0.17
2380,0,1.80,0.16
2381,0,1.80,0.15
2382,0,1.80,0.14
2383,0,1.80,0.12
2384,0,1.80,0.11
2385,0,1.80,0.10
2386,0,1.80,0.09
2387,0,1.80,0.08
2388,0,1.80,0.07
2389,0,1.80,0.06
2390,0,1.80,0.06
2391,0,1.80,0.05
2392,0,1.80,0.05
2393,0,1.80,0.04
2394,0,1.80,0.03
2395,0,1.80,0.03
2396,0,1.80,0.03
2397,0,1.80,0.02
2398,0,1.80,0.02
2399,0,1.80,0.01
2400,0,1.80,0.01
2401,0,1.80,0.01
2402,0,1.80,0.01
2403,0,1.80,0.01
2404,0,1.80,0.01
2405,0,1.80,0.01
2406,0,1.80,0.01
2407,0,1.80,0.01
2408,0,1.80,0.01
2409,0,1.80,0.01
2410,0,1.80,0.01
2411,0,1.80,0.01
2412,1,1.80,0.01
2413,1,1.80,0.01
2414,2,1.80,0.01
2415,2,1.80,0.01
2416,3,1.80,0.01
2417,4,1.80,0.01
2418,4,1.80,0.01
2419,5,1.80,0.01
2420,5,1.80,0.01
2421,6,1.80,0.01
2422,6,1.80,0.01
2423,7,1.80,0.01
2424,8,1.80,0.01
2425,8,1.80,0.01
2426,9,1.80,0.01
2427,9,1.80,0.01
2428,10,1.80,0.01
2429,10,1.80,0.01
2430,11,1.80,0.01
2431,11,1.80,0.01
2432,12,1.80,0.01
2433,13,1.80,0.01
2434,13,1.80,0.01
2435,14,1.80,0.01
2436,14,1.80,0.02
2437,15,1.80,0.02
2438,15,1.80,0.02
2439,16,1.80,0.02
2440,16,1.80,0.03
2441,17,1.80,0.03
2442,17,1.80,0.03
2443,18,1.80,0.04
2444,18,1.80,0.04
2445,19,1.80,0.05
2446,19,1.80,0.06
2447,19,1.80,0.06
2448,20,1.80,0.07
2449,20,1.80,0.08
2450,21,1.80,0.09
2451,21,1.80,0.10
2452,21,1.80,0.12
2453,21,1.80,0.13
2454,22,1.80,0.14
2455,22,1.80,0.15
2456,22,1.80,0.17
2457,22,1.80,0.18
2458,22,1.80,0.20
2459,22,1.80,0.21
2460,23,1.80,0.23
2461,23,1.80,0.23
2462,23,1.80,0.25
2463,23,1.80,0.26
2464,23,1.80,0.28
2465,24,1.80,0.30
2466,24,1.80,0.32
2467,24,1.80,0.33
2468,24,1.80,0.35
2469,24,1.80,0.37
2470,24,1.80,0.39
2471,24,1.80,0.42
2472,24,1.80,0.45
2473,23,1.80,0.46
2474,23,1.80,0.49
2475,23,1.80,0.51
2476,23,1.80,0.54
2477,23,1.80,0.55
2478,23,1.80,0.58
2479,23,1.80,0.60
2480,23,1.80,0.62
2481,23,1.80,0.63
2482,23,1.80,0.65
2483,23,1.80,0.65
2484,23,1.80,0.66
2485,23,1.80,0.68
2486,23,1.80,0.70
2487,23,1.80,0.72
2488,23,1.80,0.74
2489,23,1.80,0.75
2490,23,1.80,0.78
2491,22,1.80,0.81
2492,22,1.80,0.83
2493,22,1.80,0.86
2494,21,1.80,0.88
2495,21,1.80,0.91
2496,21,1.80,0.93
2497,21,1.80,0.95
2498,20,1.80,0.95
2499,21,1.80,0.96
2500,0,0.00,0.97
2501,0,0.00,0.98
2502,0,0.00,0.99
2503,0,0.00,1.00
2504,0,0.00,1.01
2505,0,0.00,1.02
2506,0,0.00,1.03
2507,0,0.00,1.03
2508,0,0.00,1.04
2509,0,0.00,1.04
2510,0,0.00,1.05
2511,0,0.00,1.05
2512,0,0.00,1.05
2513,0,0.00,1.05
2514,0,0.00,1.05
2515,0,0.00,1.05
2516,0,0.00,1.04
2517,0,0.00,1.04
2518,0,0.00,1.03
2519,0,0.00,1.03
2520,0,0.00,1.02
2521,0,0.00,1.01
2522,0,0.00,1.00
2523,0,0.00,0.99
2524,0,0.00,0.97
2525,0,0.00,0.96
2526,0,0.00,0.95
2527,0,0.00,0.94
2528,0,0.00,0.93
2529,0,0.00,0.92
2530,0,0.00,0.92
2531,0,0.00,0.91
2532,0,0.00,0.90
2533,0,0.00,0.89
2534,0,0.00,0.88
2535,0,0.00,0.86
2536,0,0.00,0.83
2537,0,0.00,0.81
2538,0,0.00,0.79
2539,0,0.00,0.77
2540,0,0.00,0.75
2541,0,0.00,0.73
2542,0,0.00,0.71
2543,0,0.00,0.70
2544,0,0.00,0.68
2545,0,0.00,0.67
2546,0,0.00,0.66
2547,0,0.00,0.65
2548,0,0.00,0.64
2549,0,0.00,0.63
2550,0,0.00,0.61
2551,0,0.00,0.59
2552,0,0.00,0.58
2553,0,0.00,0.55
2554,0,0.00,0.54
2555,0,0.00,0.52
2556,0,0.00,0.49
2557,0,0.00,0.47
2558,0,0.00,0.45
2559,0,0.00,0.43
2560,0,0.00,0.41
2561,0,0.00,0.38
2562,0,0.00,0.36
2563,0,0.00,0.34
2564,0,0.00,0.32
2565,0,0.00,0.30
2566,0,0.00,0.28
2567,0,0.00,0.26
2568,0,0.00,0.25
2569,0,0.00,0.24
2570,0,0.00,0.23
2571,0,0.00,0.21
2572,0,0.00,0.20
2573,0,0.00,0.19
2574,0,0.00,0.17
2575,0,0.00,0.16
2576,0,0.00,0.15
2577,0,0.00,0.14
2578,0,0.00,0.12
2579,0,0.00,0.11
2580,0,0.00,0.10
2581,0,0.00,0.09
2582,0,0.00,0.08
2583,0,0.00,0.07
2584,0,0.00,0.06
2585,0,0.00,0.06
2586,0,0.00,0.05
2587,0,0.00,0.04
2588,0,0.00,0.04
2589,0,0.00,0.03
2590,0,0.00,0.03
2591,0,0.00,0.02
2592,0,0.00,0.02
2593,0,0.00,0.01
2594,0,0.00,0.01
2595,0,0.00,0.01
2596,0,0.00,0.01
2597,0,0.00,0.01
2598,0,0.00,0.01
2599,0,0.00,0.01
2600,0,0.00,0.01
2601,0,0.00,0.01
2602,0,0.00,0.01
2603,0,0.00,0.01
2604,0,0.00,0.01
2605,0,0.00,0.01
2606,0,0.00,0.01
2607,0,0.00,0.01
2608,0,0.00,0.01
2609,0,0.00,0.01
2610,0,0.00,0.01
2611,0,0.00,0.01
2612,0,0.00,0.01
2613,0,0.00,0.01
2614,0,0.00,0.01
2615,0,0.00,0.01
2616,0,0.00,0.01
2617,0,0.00,0.01
2618,0,0.00,0.01
2619,0,0.00,0.01
2620,0,0.00,0.01
2621,0,0.00,0.01
2622,0,0.00,0.01
2623,0,0.00,0.01
2624,0,0.00,0.01
2625,0,0.00,0.01
2626,0,0.00,0.01
2627,0,0.00,0.01
2628,0,0.00,0.01
2629,0,0.00,0.01
2630,0,0.00,0.01
2631,0,0.00,0.01
2632,0,0.00,0.01
2633,0,0.00,0.01
2634,0,0.00,0.01
2635,0,0.00,0.01
2636,0,0.00,0.01
2637,0,0.00,0.01
2638,0,0.00,0.01
2639,0,0.00,0.01
2640,0,0.00,0.01
2641,0,0.00,0.01
2642,0,0.00,0.01
2643,0,0.00,0.01
2644,0,0.00,0.01
2645,0,0.00,0.01
2646,0,0.00,0.01
2647,0,0.00,0.01
2648,0,0.00,0.01
2649,0,0.00,0.01
2650,0,0.00,0.01
2651,0,0.00,0.01
2652,0,0.00,0.01
2653,0,0.00,0.01
2654,0,0.00,0.01
2655,0,0.00,0.01
2656,0,0.00,0.01
2657,0,0.00,0.01
2658,0,0.00,0.01
2659,0,0.00,0.01
2660,0,0.00,0.01
2661,0,0.00,0.01
2662,0,0.00,0.01
2663,0,0.00,0.01
2664,0,0.00,0.01
2665,0,0.00,0.01
2666,0,0.00,0.01
2667,0,0.00,0.01
2668,0,0.00,0.01
2669,0,0.00,0.01
2670,0,0.00,0.01
2671,0,0.00,0.01
2672,0,0.00,0.01
2673,0,0.00,0.01
2674,0,0.00,0.01
2675,0,0.00,0.01
2676,0,0.00,0.01
2677,0,0.00,0.01
2678,0,0.00,0.01
2679,0,0.00,0.01
2680,0,0.00,0.01
2681,0,0.00,0.01
2682,0,0.00,0.01
2683,0,0.00,0.01
2684,0,0.00,0.01
2685,0,0.00,0.01
2686,0,0.00,0.01
2687,0,0.00,0.01
2688,0,0.00,0.01
2689,0,0.00,0.01
2690,0,0.00,0.01
2691,0,0.00,0.01
2692,0,0.00,0.01
2693,0,0.00,0.01
2694,0,0.00,0.01
2695,0,0.00,0.01
2696,0,0.00,0.01
2697,0,0.00,0.01
2698,0,0.00,0.01
2699,0,0.00,0.01
2700,0,0.00,0.01
2701,0,0.00,0.01
2702,0,0.00,0.01
2703,0,0.00,0.01
2704,0,0.00,0.01
2705,0,0.00,0.01
2706,0,0.00,0.01
2707,0,0.00,0.01
2708,0,0.00,0.01
2709,0,0.00,0.01
2710,0,0.00,0.01
2711,0,0.00,0.01
2712,0,0.00,0.01
2713,0,0.00,0.01
2714,0,0.00,0.01
2715,0,0.00,0.01
2716,0,0.00,0.01
2717,0,0.00,0.01
2718,0,0.00,0.01
2719,0,0.00,0.01
2720,0,0.00,0.01
2721,0,0.00,0.01
2722,0,0.00,0.01
2723,0,0.00,0.01
2724,0,0.00,0.01
2725,0,0.00,0.01
2726,0,0.00,0.01
2727,0,0.00,0.01
2728,0,0.00,0.01
2729,0,0.00,0.01
2730,0,0.00,0.01
2731,0,0.00,0.01
2732,0,0.00,0.01
2733,0,0.00,0.01
2734,0,0.00,0.01
2735,0,0.00,0.01
2736,0,0.00,0.01
2737,0,0.00,0.01
2738,0,0.00,0.01
2739,0,0.00,0.01
2740,0,0.00,0.01
2741,0,0.00,0.01
2742,0,0.00,0.01
2743,0,0.00,0.01
2744,0,0.00,0.01
2745,0,0.00,0.01
2746,0,0.00,0.01
2747,0,0.00,0.01
2748,0,0.00,0.01
2749,0,0.00,0.01
2750,0,0.00,0.01
2751,0,0.00,0.01
2752,0,0.00,0.01
2753,0,0.00,0.01
2754,0,0.00,0.01
2755,0,0.00,0.01
2756,0,0.00,0.01
2757,0,0.00,0.01
2758,0,0.00,0.01
2759,0,0.00,0.01
2760,0,0.00,0.01
2761,0,0.00,0.01
2762,0,0.00,0.01
2763,0,0.00,0.01
2764,0,0.00,0.01
2765,0,0.00,0.01
2766,0,0.00,0.01
2767,0,0.00,0.01
2768,0,0.00,0.01
2769,0,0.00,0.01
2770,0,0.00,0.01
2771,0,0.00,0.01
2772,0,0.00,0.01
2773,0,0.00,0.01
2774,0,0.00,0.01
2775,0,0.00,0.01
2776,0,0.00,0.01
2777,0,0.00,0.01
2778,0,0.00,0.01
2779,0,0.00,0.01
2780,0,0.00,0.01
2781,0,0.00,0.01
2782,0,0.00,0.01
2783,0,0.00,0.01
2784,0,0.00,0.01
2785,0,0.00,0.01
2786,0,0.00,0.01
2787,0,0.00,0.01
2788,0,0.00,0.01
2789,0,0.00,0.01
2790,0,0.00,0.01
2791,0,0.00,0.01
2792,0,0.00,0.01
2793,0,0.00,0.01
2794,0,0.00,0.01
2795,0,0.00,0.01
2796,0,0.00,0.01
2797,0,0.00,0.01
2798,0,0.00,0.01
2799,0,0.00,0.01
2800,0,0.00,0.01
2801,0,0.00,0.01
2802,0,0.00,0.01
2803,0,0.00,0.01
2804,0,0.00,0.01
2805,0,0.00,0.01
2806,0,0.00,0.01
2807,0,0.00,0.01
2808,0,0.00,0.01
2809,0,0.00,0.01
2810,0,0.00,0.01
2811,0,0.00,0.01
2812,0,0.00,0.01
2813,0,0.00,0.01
2814,0,0.00,0.01
2815,0,0.00,0.01
2816,0,0.00,0.01
2817,0,0.00,0.01
2818,0,0.00,0.01
2819,0,0.00,0.01
2820,0,0.00,0.01
2821,0,0.00,0.01
2822,0,0.00,0.01
2823,0,0.00,0.01
2824,0,0.00,0.01
2825,0,0.00,0.01
2826,0,0.00,0.01
2827,0,0.00,0.01
2828,0,0.00,0.01
2829,0,0.00,0.01
2830,0,0.00,0.01
2831,0,0.00,0.01
2832,0,0.00,0.01
2833,0,0.00,0.01
2834,0,0.00,0.01
2835,0,0.00,0.01
2836,0,0.00,0.01
2837,0,0.00,0.01
2838,0,0.00,0.01
2839,0,0.00,0.01
2840,0,0.00,0.01
2841,0,0.00,0.01
2842,0,0.00,0.01
2843,0,0.00,0.01
2844,0,0.00,0.01
2845,0,0.00,0.01
2846,0,0.00,0.01
2847,0,0.00,0.01
2848,0,0.00,0.01
2849,0,0.00,0.01
2850,0,0.00,0.01
2851,0,0.00,0.01
2852,0,0.00,0.01
2853,0,0.00,0.01
2854,0,0.00,0.01
2855,0,0.00,0.01
2856,0,0.00,0.01
2857,0,0.00,0.01
2858,0,0.00,0.01
2859,0,0.00,0.01
2860,0,0.00,0.01
2861,0,0.00,0.01
2862,0,0.00,0.01
2863,0,0.00,0.01
2864,0,0.00,0.01
2865,0,0.00,0.01
2866,0,0.00,0.01
2867,0,0.00,0.01
2868,0,0.00,0.01
2869,0,0.00,0.01
2870,0,0.00,0.01
2871,0,0.00,0.01
2872,0,0.00,0.01
2873,0,0.00,0.01
2874,0,0.00,0.01
2875,0,0.00,0.01
2876,0,0.00,0.01
2877,0,0.00,0.01
2878,0,0.00,0.01
2879,0,0.00,0.01
2880,0,0.00,0.01
2881,0,0.00,0.01
2882,0,0.00,0.01
2883,0,0.00,0.01
2884,0,0.00,0.01
2885,0,0.00,0.01
2886,0,0.00,0.01
2887,0,0.00,0.01
2888,0,0.00,0.01
2889,0,0.00,0.01
2890,0,0.00,0.01
2891,0,0.00,0.01
2892,0,0.00,0.01
2893,0,0.00,0.01
2894,0,0.00,0.01
2895,0,0.00,0.01
2896,0,0.00,0.01
2897,0,0.00,0.01
2898,0,0.00,0.01
2899,0,0.00,0.01
2900,0,0.00,0.01
2901,0,0.00,0.01
2902,0,0.00,0.01
2903,0,0.00,0.01
2904,0,0.00,0.01
2905,0,0.00,0.01
2906,0,0.00,0.01
2907,0,0.00,0.01
2908,0,0.00,0.01
2909,0,0.00,0.01
2910,0,0.00,0.01
2911,0,0.00,0.01
2912,0,0.00,0.01
2913,0,0.00,0.01
2914,0,0.00,0.01
2915,0,0.00,0.01
2916,0,0.00,0.01
2917,0,0.00,0.01
2918,0,0.00,0.01
2919,0,0.00,0.01
2920,0,0.00,0.01
2921,0,0.00,0.01
2922,0,0.00,0.01
2923,0,0.00,0.01
2924,0,0.00,0.01
2925,0,0.00,0.01
2926,0,0.00,0.01
2927,0,0.00,0.01
2928,0,0.00,0.01
2929,0,0.00,0.01
2930,0,0.00,0.01
2931,0,0.00,0.01
2932,0,0.00,0.01
2933,0,0.00,0.01
2934,0,0.00,0.01
2935,0,0.00,0.01
2936,0,0.00,0.01
2937,0,0.00,0.01
2938,0,0.00,0.01
2939,0,0.00,0.01
2940,0,0.00,0.01
2941,0,0.00,0.01
2942,0,0.00,0.01
2943,0,0.00,0.01
2944,0,0.00,0.01
2945,0,0.00,0.01
2946,0,0.00,0.01
2947,0,0.00,0.01
2948,0,0.00,0.01
2949,0,0.00,0.01
2950,0,0.00,0.01
2951,0,0.00,0.01
2952,0,0.00,0.01
2953,0,0.00,0.01
2954,0,0.00,0.01
2955,0,0.00,0.01
2956,0,0.00,0.01
2957,0,0.00,0.01
2958,0,0.00,0.01
2959,0,0.00,0.01
2960,0,0.00,0.01
2961,0,0.00,0.01
2962,0,0.00,0.01
2963,0,0.00,0.01
2964,0,0.00,0.01
2965,0,0.00,0.01
2966,0,0.00,0.01
2967,0,0.00,0.01
2968,0,0.00,0.01
2969,0,0.00,0.01
2970,0,0.00,0.01
2971,0,0.00,0.01
2972,0,0.00,0.01
2973,0,0.00,0.01
2974,0,0.00,0.01
2975,0,0.00,0.01
2976,0,0.00,0.01
2977,0,0.00,0.01
2978,0,0.00,0.01
2979,0,0.00,0.01
2980,0,0.00,0.01
2981,0,0.00,0.01
2982,0,0.00,0.01
2983,0,0.00,0.01
2984,0,0.00,0.01
2985,0,0.00,0.01
2986,0,0.00,0.01
2987,0,0.00,0.01
2988,0,0.00,0.01
2989,0,0.00,0.01
2990,0,0.00,0.01
2991,0,0.00,0.01
2992,0,0.00,0.01
2993,0,0.00,0.01
2994,0,0.00,0.01
2995,0,0.00,0.01
2996,0,0.00,0.01
2997,0,0.00,0.01
2998,0,0.00,0.01
2999,0,0.00,0.01