ADC Read (10 bits)
Muestra	 PWM_percent	 ADC
1	 0		 0
2	 0		 0
3	 0		 0
4	 0		 0
5	 0		 0
6	 0		 0
7	 0		 0
8	 0		 1
9	 0		 0
10	 0		 0
11	 0		 0
12	 0		 0
13	 0		 0
14	 0		 2
15	 0		 0
16	 0		 0
17	 0		 0
18	 0		 0
19	 0		 0
20	 0		 0
21	 0		 0
22	 0		 0
23	 0		 0
24	 0		 1
25	 0		 0
26	 0		 0
27	 0		 1
28	 0		 2
29	 0		 1
30	 0		 1
31	 0		 0
32	 0		 0
33	 0		 0
34	 0		 0
35	 0		 0
36	 0		 1
37	 0		 0
38	 0		 0
39	 0		 0
40	 0		 0
41	 0		 0
42	 0		 0
43	 0		 0
44	 0		 0
45	 0		 0
46	 0		 1
47	 0		 0
48	 0		 0
49	 0		 0
50	 0		 0
51	 0		 0
52	 0		 0
53	 0		 0
54	 0		 1
55	 0		 0
56	 0		 1
57	 0		 0
58	 0		 0
59	 0		 0
60	 0		 1
61	 0		 0
62	 0		 0
63	 0		 0
64	 0		 0
65	 0		 0
66	 0		 0
67	 0		 0
68	 0		 0
69	 0		 0
70	 0		 0
71	 0		 0
72	 0		 1
73	 0		 1
74	 0		 0
75	 0		 0
76	 0		 0
77	 0		 0
78	 0		 0
79	 0		 0
80	 0		 1
81	 0		 0
82	 0		 0
83	 0		 0
84	 0		 0
85	 0		 1
86	 0		 0
87	 0		 0
88	 0		 0
89	 0		 0
90	 0		 1
91	 0		 0
92	 0		 1
93	 0		 0
94	 0		 0
95	 0		 0
96	 0		 0
97	 0		 1
98	 0		 0
99	 0		 0
100	 0		 0
101	 0		 0
102	 0		 0
103	 0		 0
104	 0		 0
105	 0		 1
106	 0		 0
107	 0		 1
108	 0		 0
109	 0		 0
110	 0		 0
111	 0		 0
112	 0		 0
113	 0		 0
114	 0		 0
115	 0		 1
116	 0		 0
117	 0		 0
118	 0		 0
119	 0		 0
120	 0		 0
121	 0		 0
122	 0		 0
123	 0		 0
124	 0		 0
125	 0		 0
126	 0		 2
127	 0		 0
128	 0		 0
129	 0		 0
130	 0		 0
131	 0		 0
132	 0		 1
133	 0		 0
134	 0		 0
135	 0		 2
136	 0		 1
137	 0		 0
138	 0		 0
139	 0		 0
140	 0		 0
141	 0		 0
142	 0		 1
143	 0		 0
144	 0		 0
145	 0		 0
146	 0		 0
147	 0		 0
148	 0		 0
149	 0		 0
150	 0		 1
151	 0		 0
152	 0		 0
153	 0		 1
154	 0		 0
155	 0		 0
156	 0		 0
157	 0		 0
158	 0		 0
159	 0		 0
160	 0		 0
161	 0		 0
162	 0		 0
163	 0		 0
164	 0		 0
165	 0		 0
166	 0		 0
167	 0		 0
168	 0		 2
169	 0		 1
170	 0		 2
171	 0		 0
172	 0		 0
173	 0		 0
174	 0		 0
175	 0		 0
176	 0		 0
177	 0		 0
178	 0		 0
179	 0		 0
180	 0		 0
181	 0		 0
182	 0		 1
183	 0		 0
184	 0		 1
185	 0		 0
186	 0		 1
187	 0		 0
188	 0		 0
189	 0		 0
190	 0		 0
191	 0		 1
192	 0		 0
193	 0		 0
194	 0		 1
195	 0		 0
196	 0		 0
197	 0		 0
198	 0		 0
199	 0		 0
200	 0		 0
201	 0		 0
202	 0		 1
203	 0		 1
204	 0		 0
205	 0		 0
206	 0		 0
207	 0		 0
208	 0		 0
209	 0		 0
210	 0		 0
211	 0		 1
212	 0		 0
213	 0		 0
214	 0		 1
215	 0		 0
216	 0		 2
217	 0		 0
218	 0		 1
219	 0		 0
220	 0		 0
221	 0		 0
222	 0		 0
223	 0		 0
224	 0		 0
225	 0		 0
226	 0		 0
227	 0		 0
228	 0		 0
229	 0		 0
230	 0		 0
231	 0		 0
232	 0		 0
233	 0		 0
234	 0		 0
235	 0		 0
236	 0		 0
237	 0		 0
238	 0		 0
239	 0		 0
240	 0		 0
241	 0		 1
242	 0		 0
243	 0		 1
244	 0		 0
245	 0		 0
246	 0		 0
247	 0		 1
248	 0		 0
249	 0		 1
250	 0		 0
251	 0		 0
252	 0		 0
253	 0		 0
254	 0		 0
255	 0		 0
256	 0		 0
257	 0		 0
258	 0		 1
259	 0		 1
260	 0		 0
261	 0		 0
262	 0		 0
263	 0		 0
264	 0		 0
265	 0		 0
266	 0		 0
267	 0		 1
268	 0		 0
269	 0		 1
270	 0		 0
271	 0		 0
272	 0		 0
273	 0		 0
274	 0		 0
275	 0		 0
276	 0		 0
277	 0		 0
278	 0		 0
279	 0		 0
280	 0		 0
281	 0		 0
282	 0		 0
283	 0		 0
284	 0		 0
285	 0		 0
286	 0		 0
287	 0		 1
288	 0		 0
289	 0		 2
290	 0		 0
291	 0		 0
292	 0		 0
293	 0		 0
294	 0		 0
295	 0		 0
296	 0		 0
297	 0		 0
298	 0		 0
299	 0		 0
300	 0		 0
301	 0		 0
302	 50		 1
303	 50		 0
304	 50		 0
305	 50		 2
306	 50		 9
307	 50		 24
308	 50		 36
309	 50		 45
310	 50		 59
311	 50		 69
312	 50		 70
313	 50		 83
314	 50		 97
315	 50		 110
316	 50		 120
317	 50		 129
318	 50		 139
319	 50		 149
320	 50		 162
321	 50		 173
322	 50		 185
323	 50		 192
324	 50		 201
325	 50		 205
326	 50		 216
327	 50		 223
328	 50		 230
329	 50		 232
330	 50		 237
331	 50		 234
332	 50		 235
333	 50		 228
334	 50		 222
335	 50		 209
336	 50		 196
337	 50		 200
338	 50		 206
339	 50		 255
340	 50		 297
341	 50		 312
342	 50		 336
343	 50		 357
344	 50		 367
345	 50		 376
346	 50		 380
347	 50		 381
348	 50		 377
349	 50		 368
350	 50		 353
351	 50		 328
352	 50		 279
353	 50		 267
354	 50		 278
355	 50		 308
356	 50		 364
357	 50		 371
358	 50		 391
359	 50		 403
360	 50		 413
361	 50		 417
362	 50		 418
363	 50		 408
364	 50		 391
365	 50		 357
366	 50		 319
367	 50		 292
368	 50		 297
369	 50		 369
370	 50		 440
371	 50		 450
372	 50		 483
373	 50		 501
374	 50		 501
375	 50		 495
376	 50		 486
377	 50		 464
378	 50		 423
379	 50		 339
380	 50		 342
381	 50		 347
382	 50		 464
383	 50		 504
384	 50		 496
385	 50		 503
386	 50		 511
387	 50		 499
388	 50		 475
389	 50		 430
390	 50		 383
391	 50		 344
392	 50		 379
393	 50		 477
394	 50		 528
395	 50		 556
396	 50		 568
397	 50		 577
398	 50		 574
399	 50		 554
400	 50		 504
401	 50		 388
402	 50		 385
403	 50		 434
404	 50		 517
405	 50		 546
406	 50		 565
407	 50		 571
408	 50		 561
409	 50		 537
410	 50		 499
411	 50		 437
412	 50		 385
413	 50		 440
414	 50		 560
415	 50		 621
416	 50		 639
417	 50		 645
418	 50		 635
419	 50		 608
420	 50		 539
421	 50		 432
422	 50		 426
423	 50		 481
424	 50		 551
425	 50		 586
426	 50		 596
427	 50		 599
428	 50		 575
429	 50		 536
430	 50		 470
431	 50		 417
432	 50		 458
433	 50		 534
434	 50		 584
435	 50		 646
436	 50		 665
437	 50		 669
438	 50		 654
439	 50		 489
440	 50		 447
441	 50		 451
442	 50		 491
443	 50		 502
444	 50		 518
445	 50		 545
446	 50		 555
447	 50		 493
448	 50		 480
449	 50		 419
450	 50		 420
451	 50		 452
452	 50		 489
453	 50		 520
454	 50		 547
455	 50		 563
456	 50		 563
457	 50		 424
458	 50		 435
459	 50		 475
460	 50		 531
461	 50		 577
462	 50		 609
463	 50		 624
464	 50		 622
465	 50		 595
466	 50		 430
467	 50		 444
468	 50		 487
469	 50		 534
470	 50		 569
471	 50		 586
472	 50		 585
473	 50		 453
474	 50		 451
475	 50		 451
476	 50		 473
477	 50		 503
478	 50		 529
479	 50		 551
480	 50		 562
481	 50		 555
482	 50		 429
483	 50		 451
484	 50		 521
485	 50		 593
486	 50		 649
487	 50		 680
488	 50		 693
489	 50		 539
490	 50		 481
491	 50		 490
492	 50		 519
493	 50		 553
494	 50		 577
495	 50		 585
496	 50		 576
497	 50		 481
498	 50		 435
499	 50		 443
500	 50		 485
501	 50		 528
502	 50		 567
503	 50		 593
504	 50		 603
505	 50		 456
506	 50		 467
507	 50		 518
508	 50		 585
509	 50		 637
510	 50		 673
511	 50		 679
512	 50		 667
513	 50		 469
514	 50		 476
515	 50		 525
516	 50		 577
517	 50		 616
518	 50		 633
519	 50		 624
520	 50		 485
521	 50		 481
522	 50		 495
523	 50		 528
524	 50		 561
525	 50		 587
526	 50		 601
527	 50		 595
528	 50		 457
529	 50		 500
530	 50		 584
531	 50		 659
532	 50		 713
533	 50		 738
534	 50		 736
535	 50		 515
536	 50		 523
537	 50		 554
538	 50		 589
539	 50		 613
540	 50		 621
541	 50		 601
542	 50		 461
543	 50		 457
544	 50		 484
545	 50		 535
546	 50		 577
547	 50		 616
548	 50		 634
549	 50		 483
550	 50		 487
551	 50		 542
552	 50		 613
553	 50		 673
554	 50		 709
555	 50		 718
556	 50		 693
557	 50		 493
558	 50		 519
559	 50		 579
560	 50		 629
561	 50		 661
562	 50		 664
563	 50		 504
564	 50		 506
565	 50		 510
566	 50		 547
567	 50		 583
568	 50		 611
569	 50		 626
570	 50		 615
571	 50		 481
572	 50		 544
573	 50		 635
574	 50		 712
575	 50		 760
576	 50		 776
577	 50		 539
578	 50		 539
579	 50		 563
580	 50		 608
581	 50		 639
582	 50		 651
583	 50		 633
584	 50		 480
585	 50		 473
586	 50		 503
587	 50		 555
588	 50		 603
589	 50		 641
590	 50		 657
591	 50		 491
592	 50		 520
593	 50		 589
594	 50		 667
595	 50		 721
596	 50		 745
597	 50		 736
598	 50		 512
599	 50		 525
600	 50		 583
601	 50		 639
602	 50		 677
603	 50		 688
604	 50		 521
605	 50		 523
606	 50		 526
607	 50		 565
608	 50		 602
609	 50		 632
610	 50		 645
611	 50		 509
612	 50		 504
613	 50		 585
614	 50		 683
615	 50		 758
616	 50		 793
617	 50		 795
618	 50		 554
619	 50		 566
620	 50		 608
621	 50		 645
622	 50		 667
623	 50		 662
624	 50		 611
625	 50		 490
626	 50		 504
627	 50		 561
628	 50		 613
629	 50		 655
630	 50		 673
631	 50		 500
632	 50		 531
633	 50		 608
634	 50		 689
635	 50		 744
636	 50		 767
637	 50		 749
638	 50		 526
639	 50		 551
640	 50		 614
641	 50		 673
642	 50		 705
643	 50		 696
644	 50		 537
645	 50		 528
646	 50		 556
647	 50		 596
648	 50		 633
649	 50		 657
650	 50		 655
651	 50		 503
652	 50		 564
653	 50		 668
654	 50		 757
655	 50		 807
656	 50		 819
657	 50		 565
658	 50		 576
659	 50		 616
660	 50		 658
661	 50		 683
662	 50		 677
663	 50		 568
664	 50		 498
665	 50		 518
666	 50		 577
667	 50		 631
668	 50		 673
669	 50		 685
670	 50		 512
671	 50		 555
672	 50		 644
673	 50		 721
674	 50		 771
675	 50		 784
676	 50		 622
677	 50		 544
678	 50		 590
679	 50		 656
680	 50		 705
681	 50		 721
682	 50		 549
683	 50		 544
684	 50		 549
685	 50		 592
686	 50		 632
687	 50		 661
688	 50		 670
689	 50		 507
690	 50		 549
691	 50		 656
692	 50		 752
693	 50		 813
694	 50		 833
695	 50		 576
696	 50		 585
697	 50		 621
698	 50		 667
699	 50		 694
700	 50		 692
701	 50		 560
702	 50		 509
703	 50		 531
704	 50		 589
705	 50		 643
706	 50		 686
707	 50		 696
708	 50		 525
709	 50		 577
710	 50		 669
711	 50		 747
712	 50		 791
713	 50		 793
714	 50		 549
715	 50		 555
716	 50		 621
717	 50		 688
718	 50		 725
719	 50		 726
720	 50		 553
721	 50		 549
722	 50		 575
723	 50		 619
724	 50		 659
725	 50		 680
726	 50		 620
727	 50		 524
728	 50		 613
729	 50		 723
730	 50		 805
731	 50		 843
732	 50		 642
733	 50		 587
734	 50		 614
735	 50		 663
736	 50		 698
737	 50		 705
738	 50		 672
739	 50		 518
740	 50		 528
741	 50		 583
742	 50		 641
743	 50		 689
744	 50		 705
745	 50		 528
746	 50		 574
747	 50		 667
748	 50		 747
749	 50		 797
750	 50		 801
751	 50		 557
752	 50		 563
753	 50		 629
754	 50		 695
755	 50		 736
756	 50		 736
757	 50		 559
758	 50		 553
759	 50		 585
760	 50		 629
761	 50		 669
762	 50		 689
763	 50		 536
764	 50		 538
765	 50		 639
766	 50		 747
767	 50		 824
768	 50		 856
769	 50		 597
770	 50		 599
771	 50		 632
772	 50		 681
773	 50		 711
774	 50		 709
775	 50		 538
776	 50		 519
777	 50		 549
778	 50		 612
779	 50		 670
780	 50		 707
781	 50		 587
782	 50		 541
783	 50		 617
784	 50		 715
785	 50		 783
786	 50		 813
787	 50		 800
788	 50		 562
789	 50		 597
790	 50		 673
791	 50		 725
792	 50		 749
793	 50		 567
794	 50		 564
795	 50		 573
796	 50		 617
797	 50		 663
798	 50		 692
799	 50		 691
800	 50		 528
801	 50		 607
802	 50		 721
803	 50		 811
804	 50		 861
805	 50		 700
806	 50		 600
807	 50		 627
808	 50		 678
809	 50		 713
810	 50		 721
811	 50		 681
812	 50		 520
813	 50		 539
814	 50		 601
815	 50		 661
816	 50		 706
817	 50		 713
818	 50		 539
819	 50		 609
820	 50		 709
821	 50		 784
822	 50		 817
823	 50		 807
824	 50		 563
825	 50		 600
826	 50		 676
827	 50		 733
828	 50		 755
829	 50		 573
830	 50		 569
831	 50		 578
832	 50		 624
833	 50		 667
834	 50		 695
835	 50		 692
836	 50		 537
837	 50		 620
838	 50		 738
839	 50		 824
840	 50		 867
841	 50		 637
842	 50		 608
843	 50		 637
844	 50		 689
845	 50		 721
846	 50		 723
847	 50		 560
848	 50		 523
849	 50		 555
850	 50		 619
851	 50		 678
852	 50		 718
853	 50		 555
854	 50		 556
855	 50		 640
856	 50		 736
857	 50		 803
858	 50		 827
859	 50		 680
860	 50		 574
861	 50		 628
862	 50		 704
863	 50		 749
864	 50		 759
865	 50		 571
866	 50		 566
867	 50		 597
868	 50		 645
869	 50		 688
870	 50		 705
871	 50		 534
872	 50		 563
873	 50		 672
874	 50		 784
875	 50		 855
876	 50		 877
877	 50		 605
878	 50		 616
879	 50		 667
880	 50		 712
881	 50		 733
882	 50		 711
883	 50		 536
884	 50		 531
885	 50		 592
886	 50		 657
887	 50		 705
888	 50		 727
889	 50		 539
890	 50		 597
891	 50		 700
892	 50		 784
893	 50		 827
894	 50		 825
895	 50		 571
896	 50		 602
897	 50		 677
898	 50		 741
899	 50		 767
900	 50		 580
901	 50		 577
902	 50		 586
903	 50		 632
904	 50		 675
905	 50		 705
906	 50		 699
907	 50		 544
908	 50		 635
909	 50		 757
910	 50		 843
911	 50		 881
912	 50		 613
913	 50		 616
914	 50		 656
915	 50		 707
916	 50		 733
917	 50		 725
918	 50		 541
919	 50		 523
920	 50		 573
921	 50		 641
922	 50		 697
923	 50		 727
924	 50		 538
925	 50		 582
926	 50		 681
927	 50		 772
928	 50		 825
929	 50		 834
930	 50		 577
931	 50		 595
932	 50		 669
933	 50		 736
934	 50		 771
935	 50		 629
936	 50		 580
937	 50		 583
938	 50		 627
939	 50		 675
940	 50		 704
941	 50		 705
942	 50		 544
943	 50		 629
944	 50		 750
945	 50		 841
946	 50		 883
947	 50		 624
948	 50		 617
949	 50		 655
950	 50		 705
951	 50		 737
952	 50		 730
953	 50		 544
954	 50		 525
955	 50		 576
956	 50		 645
957	 50		 700
958	 50		 732
959	 50		 541
960	 50		 584
961	 50		 684
962	 50		 777
963	 50		 831
964	 50		 835
965	 50		 577
966	 50		 601
967	 50		 677
968	 50		 744
969	 50		 772
970	 50		 600
971	 50		 581
972	 50		 585
973	 50		 634
974	 50		 679
975	 50		 710
976	 50		 707
977	 50		 550
978	 50		 643
979	 50		 761
980	 50		 851
981	 50		 889
982	 50		 616
983	 50		 622
984	 50		 665
985	 50		 715
986	 50		 741
987	 50		 725
988	 50		 541
989	 50		 528
990	 50		 587
991	 50		 651
992	 50		 705
993	 50		 731
994	 50		 545
995	 50		 601
996	 50		 705
997	 50		 792
998	 50		 837
999	 50		 832
1000	 50		 579
1001	 50		 614
1002	 50		 694
1003	 50		 754
1004	 50		 776
1005	 50		 584
1006	 50		 579
1007	 50		 597
1008	 50		 648
1009	 50		 689
1010	 50		 715
1011	 50		 560
1012	 50		 563
1013	 50		 673
1014	 50		 793
1015	 50		 865
1016	 50		 893
1017	 50		 613
1018	 50		 632
1019	 50		 680
1020	 50		 727
1021	 50		 744
1022	 50		 713
1023	 50		 540
1024	 50		 545
1025	 50		 610
1026	 50		 675
1027	 50		 723
1028	 50		 705
1029	 50		 555
1030	 50		 637
1031	 50		 739
1032	 50		 816
1033	 50		 843
1034	 50		 699
1035	 50		 585
1036	 50		 645
1037	 50		 720
1038	 50		 769
1039	 50		 773
1040	 50		 587
1041	 50		 579
1042	 50		 617
1043	 50		 665
1044	 50		 705
1045	 50		 713
1046	 50		 537
1047	 50		 603
1048	 50		 728
1049	 50		 832
1050	 50		 887
1051	 50		 744
1052	 50		 621
1053	 50		 653
1054	 50		 707
1055	 50		 741
1056	 50		 739
1057	 50		 565
1058	 50		 528
1059	 50		 571
1060	 50		 644
1061	 50		 700
1062	 50		 731
1063	 50		 544
1064	 50		 584
1065	 50		 688
1066	 50		 784
1067	 50		 835
1068	 50		 843
1069	 50		 585
1070	 50		 608
1071	 50		 683
1072	 50		 750
1073	 50		 777
1074	 50		 591
1075	 50		 585
1076	 50		 595
1077	 50		 641
1078	 50		 688
1079	 50		 717
1080	 50		 632
1081	 50		 557
1082	 50		 665
1083	 50		 789
1084	 50		 867
1085	 50		 897
1086	 50		 619
1087	 50		 632
1088	 50		 681
1089	 50		 725
1090	 50		 749
1091	 50		 721
1092	 50		 545
1093	 50		 545
1094	 50		 609
1095	 50		 678
1096	 50		 725
1097	 50		 718
1098	 50		 557
1099	 50		 639
1100	 50		 744
1101	 50		 819
1102	 50		 849
1103	 50		 677
1104	 50		 589
1105	 50		 651
1106	 50		 726
1107	 50		 774
1108	 50		 771
1109	 50		 587
1110	 50		 582
1111	 50		 622
1112	 50		 669
1113	 50		 710
1114	 50		 717
1115	 50		 541
1116	 50		 613
1117	 50		 741
1118	 50		 841
1119	 50		 891
1120	 50		 659
1121	 50		 627
1122	 50		 661
1123	 50		 713
1124	 50		 747
1125	 50		 737
1126	 50		 549
1127	 50		 529
1128	 50		 583
1129	 50		 651
1130	 50		 709
1131	 50		 737
1132	 50		 547
1133	 50		 601
1134	 50		 705
1135	 50		 795
1136	 50		 841
1137	 50		 841
1138	 50		 587
1139	 50		 621
1140	 50		 701
1141	 50		 760
1142	 50		 781
1143	 50		 587
1144	 50		 581
1145	 50		 606
1146	 50		 653
1147	 50		 699
1148	 50		 720
1149	 50		 544
1150	 50		 578
1151	 50		 699
1152	 50		 811
1153	 50		 883
1154	 50		 896
1155	 50		 621
1156	 50		 643
1157	 50		 699
1158	 50		 739
1159	 50		 752
1160	 50		 672
1161	 50		 533
1162	 50		 561
1163	 50		 631
1164	 50		 695
1165	 50		 733
1166	 50		 549
1167	 50		 574
1168	 50		 673
1169	 50		 773
1170	 50		 835
1171	 50		 848
1172	 50		 586
1173	 50		 602
1174	 50		 679
1175	 50		 747
1176	 50		 784
1177	 50		 621
1178	 50		 587
1179	 50		 592
1180	 50		 640
1181	 50		 689
1182	 50		 717
1183	 50		 697
1184	 50		 557
1185	 50		 661
1186	 50		 785
1187	 50		 867
1188	 50		 898
1189	 50		 619
1190	 50		 633
1191	 50		 685
1192	 50		 731
1193	 50		 751
1194	 50		 723
1195	 50		 549
1196	 50		 548
1197	 50		 611
1198	 50		 681
1199	 50		 728
1200	 50		 681
1201	 50		 561
1202	 50		 645
1203	 50		 749
1204	 50		 825
1205	 50		 853
1206	 50		 637
1207	 50		 593
1208	 50		 659
1209	 50		 733
1210	 50		 777
1211	 50		 771
1212	 50		 592
1213	 50		 583
1214	 50		 627
1215	 50		 677
1216	 50		 715
1217	 50		 720
1218	 50		 545
1219	 50		 632
1220	 50		 756
1221	 50		 853
1222	 50		 899
1223	 50		 628
1224	 50		 632
1225	 50		 669
1226	 50		 723
1227	 50		 747
1228	 50		 736
1229	 50		 548
1230	 50		 536
1231	 50		 601
1232	 50		 669
1233	 50		 721
1234	 50		 741
1235	 50		 553
1236	 50		 625
1237	 50		 731
1238	 50		 813
1239	 50		 851
1240	 50		 835
1241	 50		 592
1242	 50		 643
1243	 50		 723
1244	 50		 775
1245	 50		 781
1246	 50		 592
1247	 50		 579
1248	 50		 620
1249	 50		 671
1250	 50		 709
1251	 50		 721
1252	 50		 541
1253	 50		 612
1254	 50		 738
1255	 50		 843
1256	 50		 896
1257	 50		 669
1258	 50		 627
1259	 50		 664
1260	 50		 717
1261	 50		 749
1262	 50		 741
1263	 50		 551
1264	 50		 534
1265	 50		 587
1266	 50		 657
1267	 50		 715
1268	 50		 740
1269	 50		 549
1270	 50		 611
1271	 50		 720
1272	 50		 805
1273	 50		 851
1274	 50		 840
1275	 50		 592
1276	 50		 633
1277	 50		 712
1278	 50		 769
1279	 50		 785
1280	 50		 592
1281	 50		 579
1282	 50		 613
1283	 50		 664
1284	 50		 705
1285	 50		 723
1286	 50		 541
1287	 50		 601
1288	 50		 728
1289	 50		 835
1290	 50		 893
1291	 50		 761
1292	 50		 627
1293	 50		 659
1294	 50		 713
1295	 50		 747
1296	 50		 745
1297	 50		 560
1298	 50		 533
1299	 50		 583
1300	 50		 656
1301	 50		 713
1302	 50		 742
1303	 50		 548
1304	 100		 603
1305	 100		 710
1306	 100		 801
1307	 100		 852
1308	 100		 849
1309	 100		 592
1310	 100		 640
1311	 100		 725
1312	 100		 792
1313	 100		 808
1314	 100		 613
1315	 100		 603
1316	 100		 653
1317	 100		 712
1318	 100		 753
1319	 100		 705
1320	 100		 596
1321	 100		 733
1322	 100		 880
1323	 100		 963
1324	 100		 746
1325	 100		 696
1326	 100		 747
1327	 100		 813
1328	 100		 840
1329	 100		 651
1330	 100		 597
1331	 100		 658
1332	 100		 745
1333	 100		 811
1334	 100		 613
1335	 100		 656
1336	 100		 800
1337	 100		 921
1338	 100		 978
1339	 100		 688
1340	 100		 704
1341	 100		 813
1342	 100		 893
1343	 100		 760
1344	 100		 657
1345	 100		 683
1346	 100		 759
1347	 100		 816
1348	 100		 615
1349	 100		 672
1350	 100		 851
1351	 100		 1003
1352	 100		 1023
1353	 100		 748
1354	 100		 802
1355	 100		 883
1356	 100		 907
1357	 100		 666
1358	 100		 649
1359	 100		 741
1360	 100		 833
1361	 100		 877
1362	 100		 661
1363	 100		 807
1364	 100		 960
1365	 100		 1023
1366	 100		 726
1367	 100		 753
1368	 100		 875
1369	 100		 952
1370	 100		 704
1371	 100		 680
1372	 100		 749
1373	 100		 824
1374	 100		 853
1375	 100		 649
1376	 100		 833
1377	 100		 1016
1378	 100		 1023
1379	 100		 777
1380	 100		 835
1381	 100		 921
1382	 100		 944
1383	 100		 691
1384	 100		 694
1385	 100		 796
1386	 100		 883
1387	 100		 659
1388	 100		 727
1389	 100		 904
1390	 100		 1023
1391	 100		 1023
1392	 100		 739
1393	 100		 861
1394	 100		 966
1395	 100		 800
1396	 100		 697
1397	 100		 749
1398	 100		 833
1399	 100		 877
1400	 100		 655
1401	 100		 837
1402	 100		 1023
1403	 100		 1023
1404	 100		 800
1405	 100		 867
1406	 100		 952
1407	 100		 963
1408	 100		 707
1409	 100		 727
1410	 100		 837
1411	 100		 917
1412	 100		 667
1413	 100		 800
1414	 100		 985
1415	 100		 1023
1416	 100		 757
1417	 100		 803
1418	 100		 937
1419	 100		 1003
1420	 100		 733
1421	 100		 725
1422	 100		 813
1423	 100		 881
1424	 100		 641
1425	 100		 773
1426	 100		 1001
1427	 100		 1023
1428	 100		 800
1429	 100		 855
1430	 100		 947
1431	 100		 982
1432	 100		 717
1433	 100		 724
1434	 100		 833
1435	 100		 925
1436	 100		 673
1437	 100		 793
1438	 100		 981
1439	 100		 1023
1440	 100		 771
1441	 100		 809
1442	 100		 947
1443	 100		 1013
1444	 100		 747
1445	 100		 737
1446	 100		 829
1447	 100		 893
1448	 100		 649
1449	 100		 803
1450	 100		 1023
1451	 100		 1023
1452	 100		 813
1453	 100		 875
1454	 100		 971
1455	 100		 987
1456	 100		 725
1457	 100		 749
1458	 100		 864
1459	 100		 941
1460	 100		 692
1461	 100		 849
1462	 100		 1023
1463	 100		 1023
1464	 100		 763
1465	 100		 859
1466	 100		 985
1467	 100		 1009
1468	 100		 729
1469	 100		 771
1470	 100		 864
1471	 100		 905
1472	 100		 682
1473	 100		 897
1474	 100		 1023
1475	 100		 1008
1476	 100		 840
1477	 100		 923
1478	 100		 995
1479	 100		 752
1480	 100		 705
1481	 100		 800
1482	 100		 909
1483	 100		 713
1484	 100		 747
1485	 100		 945
1486	 100		 1023
1487	 100		 851
1488	 100		 793
1489	 100		 936
1490	 100		 1021
1491	 100		 755
1492	 100		 743
1493	 100		 827
1494	 100		 899
1495	 100		 653
1496	 100		 793
1497	 100		 1023
1498	 100		 1023
1499	 100		 821
1500	 100		 885
1501	 100		 979
1502	 100		 997
1503	 100		 725
1504	 100		 757
1505	 100		 872
1506	 100		 947
1507	 100		 697
1508	 100		 873
1509	 100		 1023
1510	 100		 1023
1511	 100		 763
1512	 100		 885
1513	 100		 1008
1514	 100		 789
1515	 100		 725
1516	 100		 792
1517	 100		 880
1518	 100		 739
1519	 100		 721
1520	 100		 955
1521	 100		 1023
1522	 100		 832
1523	 100		 857
1524	 100		 957
1525	 100		 1010
1526	 100		 736
1527	 100		 729
1528	 100		 843
1529	 100		 937
1530	 100		 681
1531	 100		 811
1532	 100		 1015
1533	 100		 1023
1534	 100		 777
1535	 100		 848
1536	 100		 985
1537	 100		 1023
1538	 100		 739
1539	 100		 769
1540	 100		 865
1541	 100		 912
1542	 100		 683
1543	 100		 899
1544	 100		 1023
1545	 100		 987
1546	 100		 848
1547	 100		 937
1548	 100		 1009
1549	 100		 743
1550	 100		 717
1551	 100		 819
1552	 100		 923
1553	 100		 684
1554	 100		 773
1555	 100		 977
1556	 100		 1023
1557	 100		 791
1558	 100		 817
1559	 100		 963
1560	 100		 1023
1561	 100		 760
1562	 100		 757
1563	 100		 849
1564	 100		 912
1565	 100		 669
1566	 100		 855
1567	 100		 1023
1568	 100		 1023
1569	 100		 837
1570	 100		 921
1571	 100		 1001
1572	 100		 881
1573	 100		 712
1574	 100		 797
1575	 100		 907
1576	 100		 755
1577	 100		 744
1578	 100		 944
1579	 100		 1023
1580	 100		 873
1581	 100		 797
1582	 100		 944
1583	 100		 1023
1584	 100		 760
1585	 100		 746
1586	 100		 835
1587	 100		 907
1588	 100		 660
1589	 100		 816
1590	 100		 1023
1591	 100		 1023
1592	 100		 833
1593	 100		 903
1594	 100		 992
1595	 100		 993
1596	 100		 720
1597	 100		 781
1598	 100		 896
1599	 100		 955
1600	 100		 725
1601	 100		 917
1602	 100		 1023
1603	 100		 1023
1604	 100		 784
1605	 100		 928
1606	 100		 1023
1607	 100		 760
1608	 100		 741
1609	 100		 823
1610	 100		 899
1611	 100		 657
1612	 100		 784
1613	 100		 1023
1614	 100		 1023
1615	 100		 825
1616	 100		 891
1617	 100		 985
1618	 100		 1003
1619	 100		 729
1620	 100		 769
1621	 100		 883
1622	 100		 955
1623	 100		 711
1624	 100		 891
1625	 100		 1023
1626	 100		 1023
1627	 100		 773
1628	 100		 905
1629	 100		 1017
1630	 100		 759
1631	 100		 730
1632	 100		 811
1633	 100		 894
1634	 100		 667
1635	 100		 759
1636	 100		 1001
1637	 100		 1023
1638	 100		 825
1639	 100		 880
1640	 100		 979
1641	 100		 1009
1642	 100		 736
1643	 100		 755
1644	 100		 873
1645	 100		 953
1646	 100		 699
1647	 100		 869
1648	 100		 1023
1649	 100		 1023
1650	 100		 769
1651	 100		 891
1652	 100		 1011
1653	 100		 779
1654	 100		 739
1655	 100		 803
1656	 100		 891
1657	 100		 700
1658	 100		 739
1659	 100		 976
1660	 100		 1023
1661	 100		 827
1662	 100		 871
1663	 100		 971
1664	 100		 1009
1665	 100		 737
1666	 100		 745
1667	 100		 864
1668	 100		 952
1669	 100		 691
1670	 100		 848
1671	 100		 1023
1672	 100		 1023
1673	 100		 765
1674	 100		 875
1675	 100		 1003
1676	 100		 873
1677	 100		 736
1678	 100		 791
1679	 100		 880
1680	 100		 813
1681	 100		 720
1682	 100		 953
1683	 100		 1023
1684	 100		 837
1685	 100		 864
1686	 100		 961
1687	 100		 1011
1688	 100		 737
1689	 100		 737
1690	 100		 851
1691	 100		 944
1692	 100		 685
1693	 100		 826
1694	 100		 1023
1695	 100		 1023
1696	 100		 776
1697	 100		 864
1698	 100		 995
1699	 100		 1023
1700	 100		 743
1701	 100		 787
1702	 100		 877
1703	 100		 917
1704	 100		 711
1705	 100		 936
1706	 100		 1023
1707	 100		 869
1708	 100		 857
1709	 100		 953
1710	 100		 1015
1711	 100		 737
1712	 100		 729
1713	 100		 839
1714	 100		 937
1715	 100		 682
1716	 100		 809
1717	 100		 1010
1718	 100		 1023
1719	 100		 781
1720	 100		 848
1721	 100		 986
1722	 100		 1023
1723	 100		 749
1724	 100		 777
1725	 100		 872
1726	 100		 917
1727	 100		 691
1728	 100		 913
1729	 100		 1023
1730	 100		 944
1731	 100		 851
1732	 100		 945
1733	 100		 1011
1734	 100		 742
1735	 100		 722
1736	 100		 829
1737	 100		 931
1738	 100		 679
1739	 100		 791
1740	 100		 992
1741	 100		 1023
1742	 100		 785
1743	 100		 835
1744	 100		 977
1745	 100		 1023
1746	 100		 760
1747	 100		 771
1748	 100		 864
1749	 100		 917
1750	 100		 681
1751	 100		 891
1752	 100		 1023
1753	 100		 1023
1754	 100		 849
1755	 100		 936
1756	 100		 1011
1757	 100		 749
1758	 100		 717
1759	 100		 821
1760	 100		 925
1761	 100		 685
1762	 100		 773
1763	 100		 976
1764	 100		 1023
1765	 100		 789
1766	 100		 822
1767	 100		 965
1768	 100		 1023
1769	 100		 761
1770	 100		 763
1771	 100		 855
1772	 100		 917
1773	 100		 673
1774	 100		 866
1775	 100		 1023
1776	 100		 1023
1777	 100		 842
1778	 100		 928
1779	 100		 1009
1780	 100		 787
1781	 100		 713
1782	 100		 808
1783	 100		 915
1784	 100		 706
1785	 100		 759
1786	 100		 957
1787	 100		 1023
1788	 100		 813
1789	 100		 810
1790	 100		 957
1791	 100		 1023
1792	 100		 761
1793	 100		 756
1794	 100		 848
1795	 100		 912
1796	 100		 667
1797	 100		 849
1798	 100		 1023
1799	 100		 1023
1800	 100		 837
1801	 100		 917
1802	 100		 1003
1803	 100		 937
1804	 100		 713
1805	 100		 795
1806	 100		 912
1807	 100		 757
1808	 100		 743
1809	 100		 945
1810	 100		 1023
1811	 100		 873
1812	 100		 801
1813	 100		 944
1814	 100		 1023
1815	 100		 761
1816	 100		 752
1817	 100		 841
1818	 100		 912
1819	 100		 661
1820	 100		 825
1821	 100		 1023
1822	 100		 1023
1823	 100		 835
1824	 100		 908
1825	 100		 999
1826	 100		 993
1827	 100		 720
1828	 100		 789
1829	 100		 905
1830	 100		 921
1831	 100		 733
1832	 100		 929
1833	 100		 1023
1834	 100		 968
1835	 100		 789
1836	 100		 933
1837	 100		 1023
1838	 100		 761
1839	 100		 745
1840	 100		 832
1841	 100		 907
1842	 100		 657
1843	 100		 807
1844	 100		 1023
1845	 100		 1023
1846	 100		 829
1847	 100		 899
1848	 100		 993
1849	 100		 998
1850	 100		 721
1851	 100		 776
1852	 100		 895
1853	 100		 955
1854	 100		 723
1855	 100		 912
1856	 100		 1023
1857	 100		 1023
1858	 100		 781
1859	 100		 920
1860	 100		 1023
1861	 100		 760
1862	 100		 739
1863	 100		 824
1864	 100		 901
1865	 100		 659
1866	 100		 784
1867	 100		 1023
1868	 100		 1023
1869	 100		 826
1870	 100		 891
1871	 100		 989
1872	 100		 1005
1873	 100		 732
1874	 100		 769
1875	 100		 885
1876	 100		 957
1877	 100		 709
1878	 100		 889
1879	 100		 1023
1880	 100		 1023
1881	 100		 776
1882	 100		 909
1883	 100		 1021
1884	 100		 762
1885	 100		 733
1886	 100		 809
1887	 100		 894
1888	 100		 664
1889	 100		 761
1890	 100		 1003
1891	 100		 1023
1892	 100		 824
1893	 100		 880
1894	 100		 979
1895	 100		 1008
1896	 100		 736
1897	 100		 759
1898	 100		 875
1899	 100		 953
1900	 100		 703
1901	 100		 872
1902	 100		 1023
1903	 100		 1023
1904	 100		 773
1905	 100		 893
1906	 100		 1013
1907	 100		 773
1908	 100		 733
1909	 100		 803
1910	 100		 889
1911	 100		 711
1912	 100		 741
1913	 100		 981
1914	 100		 1023
1915	 100		 825
1916	 100		 873
1917	 100		 971
1918	 100		 1013
1919	 100		 737
1920	 100		 747
1921	 100		 861
1922	 100		 949
1923	 100		 695
1924	 100		 848
1925	 100		 1023
1926	 100		 1023
1927	 100		 773
1928	 100		 880
1929	 100		 1008
1930	 100		 877
1931	 100		 733
1932	 100		 795
1933	 100		 883
1934	 100		 845
1935	 100		 721
1936	 100		 953
1937	 100		 1023
1938	 100		 840
1939	 100		 861
1940	 100		 963
1941	 100		 1013
1942	 100		 737
1943	 100		 737
1944	 100		 851
1945	 100		 945
1946	 100		 688
1947	 100		 827
1948	 100		 1023
1949	 100		 1023
1950	 100		 773
1951	 100		 864
1952	 100		 999
1953	 100		 1023
1954	 100		 744
1955	 100		 786
1956	 100		 877
1957	 100		 920
1958	 100		 709
1959	 100		 929
1960	 100		 1023
1961	 100		 881
1962	 100		 856
1963	 100		 953
1964	 100		 1013
1965	 100		 737
1966	 100		 731
1967	 100		 840
1968	 100		 938
1969	 100		 681
1970	 100		 808
1971	 100		 1005
1972	 100		 1023
1973	 100		 780
1974	 100		 845
1975	 100		 985
1976	 100		 1023
1977	 100		 749
1978	 100		 775
1979	 100		 865
1980	 100		 916
1981	 100		 688
1982	 100		 905
1983	 100		 1023
1984	 100		 977
1985	 100		 845
1986	 100		 941
1987	 100		 1011
1988	 100		 742
1989	 100		 721
1990	 100		 825
1991	 100		 929
1992	 100		 683
1993	 100		 784
1994	 100		 987
1995	 100		 1023
1996	 100		 787
1997	 100		 829
1998	 100		 977
1999	 100		 1023
2000	 100		 759
2001	 100		 765
2002	 100		 856
2003	 100		 913
2004	 100		 677
2005	 100		 880
2006	 100		 1023
2007	 100		 1023
2008	 100		 843
2009	 100		 931
2010	 100		 1009
2011	 100		 757
2012	 100		 715
2013	 100		 813
2014	 100		 921
2015	 100		 697
2016	 100		 767
2017	 100		 969
2018	 100		 1023
2019	 100		 801
2020	 100		 816
2021	 100		 960
2022	 100		 1023
2023	 100		 759
2024	 100		 758
2025	 100		 848
2026	 100		 912
2027	 100		 669
2028	 100		 853
2029	 100		 1023
2030	 100		 1023
2031	 100		 839
2032	 100		 921
2033	 100		 1003
2034	 100		 851
2035	 100		 714
2036	 100		 800
2037	 100		 913
2038	 100		 753
2039	 100		 752
2040	 100		 945
2041	 100		 1023
2042	 100		 849
2043	 100		 803
2044	 100		 949
2045	 100		 1023
2046	 100		 762
2047	 100		 757
2048	 100		 841
2049	 100		 915
2050	 100		 665
2051	 100		 832
2052	 100		 1023
2053	 100		 1023
2054	 100		 835
2055	 100		 909
2056	 100		 1000
2057	 100		 992
2058	 100		 713
2059	 100		 787
2060	 100		 901
2061	 100		 913
2062	 100		 733
2063	 100		 929
2064	 100		 1023
2065	 100		 977
2066	 100		 787
2067	 100		 933
2068	 100		 1023
2069	 100		 761
2070	 100		 744
2071	 100		 833
2072	 100		 907
2073	 100		 657
2074	 100		 803
2075	 100		 1023
2076	 100		 1023
2077	 100		 829
2078	 100		 895
2079	 100		 993
2080	 100		 999
2081	 100		 721
2082	 100		 776
2083	 100		 893
2084	 100		 957
2085	 100		 717
2086	 100		 909
2087	 100		 1023
2088	 100		 1023
2089	 100		 781
2090	 100		 919
2091	 100		 1023
2092	 100		 760
2093	 100		 744
2094	 100		 824
2095	 100		 904
2096	 100		 663
2097	 100		 780
2098	 100		 1021
2099	 100		 1023
2100	 100		 827
2101	 100		 887
2102	 100		 985
2103	 100		 1001
2104	 100		 729
2105	 100		 765
2106	 100		 881
2107	 100		 955
2108	 100		 705
2109	 100		 889
2110	 100		 1023
2111	 100		 1023
2112	 100		 773
2113	 100		 903
2114	 100		 1019
2115	 100		 761
2116	 100		 739
2117	 100		 816
2118	 100		 897
2119	 100		 675
2120	 100		 759
2121	 100		 999
2122	 100		 1023
2123	 100		 824
2124	 100		 877
2125	 100		 977
2126	 100		 1009
2127	 100		 737
2128	 100		 753
2129	 100		 871
2130	 100		 952
2131	 100		 699
2132	 100		 864
2133	 100		 1023
2134	 100		 1023
2135	 100		 767
2136	 100		 889
2137	 100		 1016
2138	 100		 787
2139	 100		 737
2140	 100		 801
2141	 100		 891
2142	 100		 723
2143	 100		 733
2144	 100		 973
2145	 100		 1023
2146	 100		 825
2147	 100		 867
2148	 100		 967
2149	 100		 1013
2150	 100		 736
2151	 100		 743
2152	 100		 857
2153	 100		 945
2154	 100		 691
2155	 100		 841
2156	 100		 1023
2157	 100		 1023
2158	 100		 771
2159	 100		 873
2160	 100		 1001
2161	 100		 887
2162	 100		 740
2163	 100		 793
2164	 100		 881
2165	 100		 906
2166	 100		 713
2167	 100		 947
2168	 100		 1023
2169	 100		 845
2170	 100		 859
2171	 100		 960
2172	 100		 1015
2173	 100		 736
2174	 100		 729
2175	 100		 843
2176	 100		 937
2177	 100		 685
2178	 100		 817
2179	 100		 1017
2180	 100		 1023
2181	 100		 776
2182	 100		 855
2183	 100		 992
2184	 100		 1023
2185	 100		 749
2186	 100		 781
2187	 100		 873
2188	 100		 917
2189	 100		 696
2190	 100		 913
2191	 100		 1023
2192	 100		 933
2193	 100		 851
2194	 100		 944
2195	 100		 1009
2196	 100		 742
2197	 100		 721
2198	 100		 824
2199	 100		 928
2200	 100		 681
2201	 100		 787
2202	 100		 989
2203	 100		 1023
2204	 100		 781
2205	 100		 832
2206	 100		 976
2207	 100		 1023
2208	 100		 761
2209	 100		 769
2210	 100		 860
2211	 100		 915
2212	 100		 676
2213	 100		 873
2214	 100		 1023
2215	 100		 1023
2216	 100		 841
2217	 100		 928
2218	 100		 1003
2219	 100		 777
2220	 100		 713
2221	 100		 805
2222	 100		 915
2223	 100		 713
2224	 100		 757
2225	 100		 957
2226	 100		 1023
2227	 100		 821
2228	 100		 805
2229	 100		 952
2230	 100		 1023
2231	 100		 760
2232	 100		 752
2233	 100		 841
2234	 100		 909
2235	 100		 663
2236	 100		 833
2237	 100		 1023
2238	 100		 1023
2239	 100		 833
2240	 100		 912
2241	 100		 997
2242	 100		 987
2243	 100		 712
2244	 100		 787
2245	 100		 901
2246	 100		 903
2247	 100		 730
2248	 100		 925
2249	 100		 1023
2250	 100		 992
2251	 100		 791
2252	 100		 931
2253	 100		 1023
2254	 100		 763
2255	 100		 746
2256	 100		 832
2257	 100		 907
2258	 100		 659
2259	 100		 797
2260	 100		 1023
2261	 100		 1023
2262	 100		 827
2263	 100		 893
2264	 100		 987
2265	 100		 997
2266	 100		 725
2267	 100		 773
2268	 100		 885
2269	 100		 955
2270	 100		 711
2271	 100		 897
2272	 100		 1023
2273	 100		 1023
2274	 100		 777
2275	 100		 913
2276	 100		 1021
2277	 100		 761
2278	 100		 739
2279	 100		 817
2280	 100		 897
2281	 100		 664
2282	 100		 763
2283	 100		 1005
2284	 100		 1023
2285	 100		 824
2286	 100		 883
2287	 100		 981
2288	 100		 1008
2289	 100		 737
2290	 100		 753
2291	 100		 871
2292	 100		 953
2293	 100		 699
2294	 100		 864
2295	 100		 1023
2296	 100		 1023
2297	 100		 769
2298	 100		 889
2299	 100		 1013
2300	 100		 784
2301	 100		 736
2302	 100		 800
2303	 100		 888
2304	 100		 729
2305	 100		 734
2306	 0		 971
2307	 0		 1023
2308	 0		 825
2309	 0		 867
2310	 0		 963
2311	 0		 1008
2312	 0		 732
2313	 0		 738
2314	 0		 848
2315	 0		 939
2316	 0		 681
2317	 0		 819
2318	 0		 1009
2319	 0		 1023
2320	 0		 769
2321	 0		 837
2322	 0		 971
2323	 0		 1019
2324	 0		 744
2325	 0		 759
2326	 0		 843
2327	 0		 899
2328	 0		 663
2329	 0		 843
2330	 0		 1023
2331	 0		 1023
2332	 0		 816
2333	 0		 884
2334	 0		 968
2335	 0		 971
2336	 0		 704
2337	 0		 744
2338	 0		 856
2339	 0		 928
2340	 0		 681
2341	 0		 827
2342	 0		 1001
2343	 0		 1023
2344	 0		 752
2345	 0		 817
2346	 0		 945
2347	 0		 995
2348	 0		 728
2349	 0		 731
2350	 0		 816
2351	 0		 880
2352	 0		 635
2353	 0		 761
2354	 0		 977
2355	 0		 1023
2356	 0		 785
2357	 0		 825
2358	 0		 910
2359	 0		 957
2360	 0		 700
2361	 0		 683
2362	 0		 771
2363	 0		 872
2364	 0		 824
2365	 0		 691
2366	 0		 860
2367	 0		 1009
2368	 0		 1023
2369	 0		 725
2370	 0		 811
2371	 0		 929
2372	 0		 971
2373	 0		 710
2374	 0		 712
2375	 0		 789
2376	 0		 855
2377	 0		 624
2378	 0		 711
2379	 0		 912
2380	 0		 1023
2381	 0		 837
2382	 0		 784
2383	 0		 859
2384	 0		 923
2385	 0		 913
2386	 0		 678
2387	 0		 709
2388	 0		 805
2389	 0		 880
2390	 0		 641
2391	 0		 725
2392	 0		 893
2393	 0		 1005
2394	 0		 1023
2395	 0		 701
2396	 0		 805
2397	 0		 907
2398	 0		 936
2399	 0		 688
2400	 0		 689
2401	 0		 767
2402	 0		 826
2403	 0		 618
2404	 0		 667
2405	 0		 856
2406	 0		 1009
2407	 0		 1023
2408	 0		 749
2409	 0		 801
2410	 0		 879
2411	 0		 901
2412	 0		 667
2413	 0		 641
2414	 0		 720
2415	 0		 809
2416	 0		 859
2417	 0		 633
2418	 0		 753
2419	 0		 904
2420	 0		 992
2421	 0		 921
2422	 0		 683
2423	 0		 789
2424	 0		 884
2425	 0		 905
2426	 0		 672
2427	 0		 667
2428	 0		 736
2429	 0		 797
2430	 0		 787
2431	 0		 622
2432	 0		 779
2433	 0		 941
2434	 0		 1023
2435	 0		 720
2436	 0		 744
2437	 0		 816
2438	 0		 867
2439	 0		 859
2440	 0		 631
2441	 0		 640
2442	 0		 728
2443	 0		 806
2444	 0		 835
2445	 0		 629
2446	 0		 749
2447	 0		 883
2448	 0		 962
2449	 0		 928
2450	 0		 662
2451	 0		 753
2452	 0		 848
2453	 0		 885
2454	 0		 656
2455	 0		 637
2456	 0		 692
2457	 0		 757
2458	 0		 795
2459	 0		 589
2460	 0		 669
2461	 0		 835
2462	 0		 960
2463	 0		 1008
2464	 0		 698
2465	 0		 732
2466	 0		 801
2467	 0		 840
2468	 0		 817
2469	 0		 605
2470	 0		 616
2471	 0		 699
2472	 0		 775
2473	 0		 808
2474	 0		 603
2475	 0		 697
2476	 0		 829
2477	 0		 917
2478	 0		 936
2479	 0		 639
2480	 0		 688
2481	 0		 785
2482	 0		 848
2483	 0		 841
2484	 0		 639
2485	 0		 637
2486	 0		 694
2487	 0		 752
2488	 0		 775
2489	 0		 577
2490	 0		 662
2491	 0		 816
2492	 0		 928
2493	 0		 973
2494	 0		 669
2495	 0		 699
2496	 0		 757
2497	 0		 804
2498	 0		 805
2499	 0		 589
2500	 0		 571
2501	 0		 639
2502	 0		 716
2503	 0		 771
2504	 0		 603
2505	 0		 601
2506	 0		 713
2507	 0		 825
2508	 0		 891
2509	 0		 897
2510	 0		 617
2511	 0		 667
2512	 0		 753
2513	 0		 813
2514	 0		 817
2515	 0		 616
2516	 0		 603
2517	 0		 656
2518	 0		 709
2519	 0		 745
2520	 0		 631
2521	 0		 581
2522	 0		 706
2523	 0		 837
2524	 0		 914
2525	 0		 929
2526	 0		 645
2527	 0		 677
2528	 0		 736
2529	 0		 771
2530	 0		 768
2531	 0		 568
2532	 0		 545
2533	 0		 603
2534	 0		 675
2535	 0		 730
2536	 0		 752
2537	 0		 561
2538	 0		 635
2539	 0		 745
2540	 0		 832
2541	 0		 864
2542	 0		 730
2543	 0		 599
2544	 0		 659
2545	 0		 736
2546	 0		 785
2547	 0		 779
2548	 0		 592
2549	 0		 584
2550	 0		 625
2551	 0		 677
2552	 0		 712
2553	 0		 717
2554	 0		 544
2555	 0		 645
2556	 0		 749
2557	 0		 843
2558	 0		 889
2559	 0		 629
2560	 0		 624
2561	 0		 657
2562	 0		 707
2563	 0		 737
2564	 0		 729
2565	 0		 543
2566	 0		 523
2567	 0		 571
2568	 0		 637
2569	 0		 693
2570	 0		 723
2571	 0		 533
2572	 0		 570
2573	 0		 661
2574	 0		 755
2575	 0		 809
2576	 0		 823
2577	 0		 573
2578	 0		 574
2579	 0		 637
2580	 0		 707
2581	 0		 745
2582	 0		 742
2583	 0		 567
2584	 0		 555
2585	 0		 587
2586	 0		 634
2587	 0		 673
2588	 0		 692
2589	 0		 525
2590	 0		 542
2591	 0		 640
2592	 0		 747
2593	 0		 821
2594	 0		 848
2595	 0		 585
2596	 0		 589
2597	 0		 622
2598	 0		 667
2599	 0		 695
2600	 0		 697
2601	 0		 619
2602	 0		 511
2603	 0		 528
2604	 0		 583
2605	 0		 637
2606	 0		 680
2607	 0		 691
2608	 0		 515
2609	 0		 560
2610	 0		 643
2611	 0		 721
2612	 0		 771
2613	 0		 779
2614	 0		 648
2615	 0		 536
2616	 0		 580
2617	 0		 643
2618	 0		 691
2619	 0		 709
2620	 0		 560
2621	 0		 536
2622	 0		 535
2623	 0		 569
2624	 0		 609
2625	 0		 641
2626	 0		 656
2627	 0		 538
2628	 0		 505
2629	 0		 584
2630	 0		 681
2631	 0		 753
2632	 0		 789
2633	 0		 795
2634	 0		 550
2635	 0		 560
2636	 0		 597
2637	 0		 633
2638	 0		 656
2639	 0		 656
2640	 0		 615
2641	 0		 481
2642	 0		 485
2643	 0		 533
2644	 0		 584
2645	 0		 628
2646	 0		 656
2647	 0		 551
2648	 0		 495
2649	 0		 544
2650	 0		 624
2651	 0		 683
2652	 0		 721
2653	 0		 729
2654	 0		 704
2655	 0		 498
2656	 0		 525
2657	 0		 583
2658	 0		 631
2659	 0		 659
2660	 0		 662
2661	 0		 503
2662	 0		 501
2663	 0		 505
2664	 0		 538
2665	 0		 573
2666	 0		 598
2667	 0		 613
2668	 0		 605
2669	 0		 465
2670	 0		 508
2671	 0		 589
2672	 0		 668
2673	 0		 720
2674	 0		 741
2675	 0		 754
2676	 0		 534
2677	 0		 531
2678	 0		 556
2679	 0		 588
2680	 0		 610
2681	 0		 615
2682	 0		 595
2683	 0		 453
2684	 0		 450
2685	 0		 466
2686	 0		 511
2687	 0		 555
2688	 0		 589
2689	 0		 597
2690	 0		 597
2691	 0		 456
2692	 0		 485
2693	 0		 547
2694	 0		 608
2695	 0		 650
2696	 0		 673
2697	 0		 673
2698	 0		 643
2699	 0		 461
2700	 0		 475
2701	 0		 562
2702	 0		 667
2703	 0		 657
2704	 0		 651
2705	 0		 625
2706	 0		 488
2707	 0		 480
2708	 0		 544
2709	 0		 548
2710	 0		 569
2711	 0		 585
2712	 0		 592
2713	 0		 589
2714	 0		 437
2715	 0		 449
2716	 0		 502
2717	 0		 571
2718	 0		 631
2719	 0		 667
2720	 0		 693
2721	 0		 691
2722	 0		 473
2723	 0		 471
2724	 0		 487
2725	 0		 517
2726	 0		 637
2727	 0		 613
2728	 0		 595
2729	 0		 564
2730	 0		 442
2731	 0		 425
2732	 0		 480
2733	 0		 511
2734	 0		 531
2735	 0		 557
2736	 0		 576
2737	 0		 587
2738	 0		 523
2739	 0		 431
2740	 0		 447
2741	 0		 496
2742	 0		 544
2743	 0		 582
2744	 0		 627
2745	 0		 628
2746	 0		 613
2747	 0		 569
2748	 0		 432
2749	 0		 440
2750	 0		 474
2751	 0		 511
2752	 0		 539
2753	 0		 557
2754	 0		 557
2755	 0		 584
2756	 0		 449
2757	 0		 438
2758	 0		 442
2759	 0		 461
2760	 0		 485
2761	 0		 500
2762	 0		 515
2763	 0		 519
2764	 0		 508
2765	 0		 400
2766	 0		 413
2767	 0		 454
2768	 0		 504
2769	 0		 547
2770	 0		 603
2771	 0		 611
2772	 0		 617
2773	 0		 618
2774	 0		 439
2775	 0		 427
2776	 0		 433
2777	 0		 456
2778	 0		 491
2779	 0		 567
2780	 0		 581
2781	 0		 537
2782	 0		 486
2783	 0		 462
2784	 0		 403
2785	 0		 443
2786	 0		 507
2787	 0		 547
2788	 0		 585
2789	 0		 611
2790	 0		 617
2791	 0		 597
2792	 0		 540
2793	 0		 424
2794	 0		 409
2795	 0		 464
2796	 0		 529
2797	 0		 553
2798	 0		 567
2799	 0		 572
2800	 0		 582
2801	 0		 541
2802	 0		 505
2803	 0		 455
2804	 0		 383
2805	 0		 447
2806	 0		 556
2807	 0		 605
2808	 0		 607
2809	 0		 605
2810	 0		 593
2811	 0		 565
2812	 0		 508
2813	 0		 401
2814	 0		 395
2815	 0		 405
2816	 0		 469
2817	 0		 508
2818	 0		 524
2819	 0		 530
2820	 0		 528
2821	 0		 513
2822	 0		 481
2823	 0		 423
2824	 0		 357
2825	 0		 354
2826	 0		 437
2827	 0		 505
2828	 0		 531
2829	 0		 564
2830	 0		 568
2831	 0		 560
2832	 0		 537
2833	 0		 506
2834	 0		 457
2835	 0		 361
2836	 0		 355
2837	 0		 387
2838	 0		 505
2839	 0		 529
2840	 0		 506
2841	 0		 505
2842	 0		 505
2843	 0		 485
2844	 0		 448
2845	 0		 397
2846	 0		 344
2847	 0		 330
2848	 0		 396
2849	 0		 449
2850	 0		 501
2851	 0		 518
2852	 0		 523
2853	 0		 526
2854	 0		 517
2855	 0		 499
2856	 0		 465
2857	 0		 401
2858	 0		 333
2859	 0		 337
2860	 0		 388
2861	 0		 447
2862	 0		 457
2863	 0		 469
2864	 0		 477
2865	 0		 468
2866	 0		 457
2867	 0		 434
2868	 0		 402
2869	 0		 368
2870	 0		 315
2871	 0		 304
2872	 0		 340
2873	 0		 432
2874	 0		 464
2875	 0		 479
2876	 0		 487
2877	 0		 488
2878	 0		 480
2879	 0		 467
2880	 0		 448
2881	 0		 405
2882	 0		 333
2883	 0		 308
2884	 0		 312
2885	 0		 366
2886	 0		 401
2887	 0		 408
2888	 0		 423
2889	 0		 429
2890	 0		 429
2891	 0		 423
2892	 0		 413
2893	 0		 395
2894	 0		 368
2895	 0		 328
2896	 0		 281
2897	 0		 279
2898	 0		 283
2899	 0		 379
2900	 0		 403
2901	 0		 411
2902	 0		 436
2903	 0		 444
2904	 0		 437
2905	 0		 432
2906	 0		 419
2907	 0		 403
2908	 0		 379
2909	 0		 343
2910	 0		 281
2911	 0		 280
2912	 0		 280
2913	 0		 285
2914	 0		 402
2915	 0		 388
2916	 0		 377
2917	 0		 388
2918	 0		 392
2919	 0		 383
2920	 0		 374
2921	 0		 360
2922	 0		 341
2923	 0		 313
2924	 0		 286
2925	 0		 254
2926	 0		 249
2927	 0		 260
2928	 0		 333
2929	 0		 345
2930	 0		 371
2931	 0		 382
2932	 0		 387
2933	 0		 390
2934	 0		 389
2935	 0		 385
2936	 0		 378
2937	 0		 368
2938	 0		 348
2939	 0		 318
2940	 0		 282
2941	 0		 248
2942	 0		 247
2943	 0		 247
2944	 0		 309
2945	 0		 316
2946	 0		 321
2947	 0		 339
2948	 0		 343
2949	 0		 339
2950	 0		 338
2951	 0		 333
2952	 0		 324
2953	 0		 313
2954	 0		 299
2955	 0		 283
2956	 0		 262
2957	 0		 240
2958	 0		 218
2959	 0		 216
2960	 0		 219
2961	 0		 288
2962	 0		 300
2963	 0		 313
2964	 0		 325
2965	 0		 337
2966	 0		 333
2967	 0		 336
2968	 0		 336
2969	 0		 328
2970	 0		 321
2971	 0		 314
2972	 0		 304
2973	 0		 284
2974	 0		 263
2975	 0		 225
2976	 0		 209
2977	 0		 210
2978	 0		 207
2979	 0		 211
2980	 0		 266
2981	 0		 252
2982	 0		 266
2983	 0		 273
2984	 0		 275
2985	 0		 277
2986	 0		 279
2987	 0		 277
2988	 0		 273
2989	 0		 273
2990	 0		 267
2991	 0		 260
2992	 0		 251
2993	 0		 237
2994	 0		 224
2995	 0		 207
2996	 0		 192
2997	 0		 176
2998	 0		 175
2999	 0		 174
3000	 0		 178
3001	 0		 249
3002	 0		 240
3003	 0		 234
3004	 0		 258
3005	 0		 262
3006	 0		 262
3007	 0		 265
3008	 0		 265
3009	 0		 263
3010	 0		 260
3011	 0		 258
3012	 0		 252
3013	 0		 247
3014	 0		 241
3015	 0		 234
3016	 0		 225
3017	 0		 212
3018	 0		 199
3019	 0		 166
3020	 0		 165
3021	 0		 163
3022	 0		 161
3023	 0		 160
3024	 0		 162
3025	 0		 163
3026	 0		 229
3027	 0		 227
3028	 0		 203
3029	 0		 209
3030	 0		 217
3031	 0		 216
3032	 0		 211
3033	 0		 211
3034	 0		 212
3035	 0		 209
3036	 0		 205
3037	 0		 203
3038	 0		 198
3039	 0		 192
3040	 0		 187
3041	 0		 179
3042	 0		 173
3043	 0		 166
3044	 0		 158
3045	 0		 149
3046	 0		 142
3047	 0		 130
3048	 0		 128
3049	 0		 130
3050	 0		 128
3051	 0		 128
3052	 0		 173
3053	 0		 151
3054	 0		 168
3055	 0		 174
3056	 0		 177
3057	 0		 179
3058	 0		 180
3060	 0		 183
3061	 0		 183
3062	 0		 184
3063	 0		 181
3064	 0		 181
3065	 0		 181
3066	 0		 178
3067	 0		 176
3068	 0		 173
3069	 0		 172
3070	 0		 169
3071	 0		 167
3072	 0		 161
3073	 0		 158
3074	 0		 153
3075	 0		 147
3076	 0		 140
3077	 0		 133
3078	 0		 128
3079	 0		 121
3080	 0		 107
3081	 0		 104
3082	 0		 103
3083	 0		 100
3084	 0		 99
3085	 0		 100
3086	 0		 100
3087	 0		 98
3088	 0		 127
3089	 0		 113
3090	 0		 109
3091	 0		 118
3092	 0		 117
3093	 0		 117
3094	 0		 117
3095	 0		 119
3096	 0		 116
3097	 0		 118
3098	 0		 115
3099	 0		 114
3100	 0		 114
3101	 0		 112
3102	 0		 111
3103	 0		 108
3104	 0		 106
3105	 0		 103
3106	 0		 103
3107	 0		 101
3108	 0		 99
3109	 0		 96
3110	 0		 96
3111	 0		 95
3112	 0		 92
3113	 0		 91
3114	 0		 86
3115	 0		 85
3116	 0		 83
3117	 0		 80
3118	 0		 79
3119	 0		 78
3120	 0		 75
3121	 0		 73
3122	 0		 69
3123	 0		 70
3124	 0		 69
3125	 0		 64
3126	 0		 63
3127	 0		 61
3128	 0		 59
3129	 0		 56
3130	 0		 53
3131	 0		 51
3132	 0		 52
3133	 0		 49
3134	 0		 47
3135	 0		 45
3136	 0		 43
3137	 0		 42
3138	 0		 41
3139	 0		 38
3140	 0		 37
3141	 0		 36
3142	 0		 36
3143	 0		 33
3144	 0		 32
3145	 0		 32
3146	 0		 28
3147	 0		 30
3148	 0		 28
3149	 0		 27
3150	 0		 25
3151	 0		 24
3152	 0		 24
3153	 0		 22
3154	 0		 21
3155	 0		 22
3156	 0		 19
3157	 0		 18
3158	 0		 16
3159	 0		 15
3160	 0		 16
3161	 0		 14
3162	 0		 12
3163	 0		 13
3164	 0		 11
3165	 0		 10
3166	 0		 8
3167	 0		 9
3168	 0		 7
3169	 0		 5
3170	 0		 5
3171	 0		 5
3172	 0		 5
3173	 0		 0
3174	 0		 0
3175	 0		 0
3176	 0		 0
3177	 0		 0
3178	 0		 0
3179	 0		 0
3180	 0		 0
3181	 0		 0
3182	 0		 0
3183	 0		 0
3184	 0		 0
3185	 0		 0
3186	 0		 0
3187	 0		 0
3188	 0		 0
3189	 0		 0
3190	 0		 0
3191	 0		 0
3192	 0		 1
3193	 0		 1
3194	 0		 0
3195	 0		 0
3196	 0		 2
3197	 0		 0
3198	 0		 0
3199	 0		 0
3200	 0		 1
3201	 0		 0
3202	 0		 1
3203	 0		 0
3204	 0		 0
3205	 0		 0
3206	 0		 1
3207	 0		 0
3208	 0		 0
3209	 0		 0
3210	 0		 1
3211	 0		 0
3212	 0		 0
3213	 0		 1
3214	 0		 0
3215	 0		 0
3216	 0		 0
3217	 0		 0
3218	 0		 1
3219	 0		 1
3220	 0		 0
3221	 0		 0
3222	 0		 0
3223	 0		 0
3224	 0		 0
3225	 0		 0
3226	 0		 0
3227	 0		 0
3228	 0		 0
3229	 0		 0
3230	 0		 0
3231	 0		 0
3232	 0		 1
3233	 0		 0
3234	 0		 1
3235	 0		 0
3236	 0		 0
3237	 0		 0
3238	 0		 0
3239	 0		 0
3240	 0		 0
3241	 0		 1
3242	 0		 0
3243	 0		 0
3244	 0		 0
3245	 0		 0
3246	 0		 1
3247	 0		 0
3248	 0		 0
3249	 0		 0
3250	 0		 0
3251	 0		 0
3252	 0		 0
3253	 0		 0
3254	 0		 0
3255	 0		 0
3256	 0		 0
3257	 0		 0
3258	 0		 0
3259	 0		 0
3260	 0		 0
3261	 0		 1
3262	 0		 0
3263	 0		 0
3264	 0		 0
3265	 0		 0
3266	 0		 0
3267	 0		 0
3268	 0		 0
3269	 0		 0
3270	 0		 0
3271	 0		 1
3272	 0		 0
3273	 0		 0
3274	 0		 0
3275	 0		 0
3276	 0		 0
3277	 0		 0
3278	 0		 0
3279	 0		 1
3280	 0		 0
3281	 0		 0
3282	 0		 0
3283	 0		 0
3284	 0		 0
3285	 0		 0
3286	 0		 0
3287	 0		 0
3288	 0		 1
3289	 0		 0
3290	 0		 1
3291	 0		 0
3292	 0		 1
3293	 0		 0
3294	 0		 0
3295	 0		 0
3296	 0		 0
3297	 0		 0
3298	 0		 1
3299	 0		 1
3300	 0		 0
3301	 0		 0
3302	 0		 0
3303	 0		 0
3304	 0		 0
3305	 0		 0
3306	 0		 2
3307	 0		 0