ADC Read (10 bits)
Muestra	 PWM_percent	 Set_Point	 ADC_to_V
0,0,0.00,0.00
1,0,0.00,0.00
2,0,0.00,0.00
3,0,0.00,0.00
4,0,0.00,0.00
5,0,0.00,0.00
6,0,0.00,0.00
7,0,0.00,0.00
8,0,0.00,0.00
9,0,0.00,0.00
10,0,0.00,0.00
11,0,0.00,0.00
12,0,0.00,0.01
13,0,0.00,0.01
14,0,0.00,0.01
15,0,0.00,0.01
16,0,0.00,0.01
17,0,0.00,0.01
18,0,0.00,0.01
19,0,0.00,0.01
20,0,0.00,0.01
21,0,0.00,0.01
22,0,0.00,0.01
23,0,0.00,0.01
24,0,0.00,0.01
25,0,0.00,0.01
26,0,0.00,0.01
27,0,0.00,0.01
28,0,0.00,0.01
29,0,0.00,0.01
30,0,0.00,0.01
31,0,0.00,0.01
32,0,0.00,0.01
33,0,0.00,0.01
34,0,0.00,0.01
35,0,0.00,0.01
36,0,0.00,0.01
37,0,0.00,0.01
38,0,0.00,0.01
39,0,0.00,0.01
40,0,0.00,0.01
41,0,0.00,0.01
42,0,0.00,0.01
43,0,0.00,0.01
44,0,0.00,0.01
45,0,0.00,0.01
46,0,0.00,0.01
47,0,0.00,0.01
48,0,0.00,0.01
49,0,0.00,0.01
50,0,0.00,0.01
51,0,0.00,0.01
52,0,0.00,0.01
53,0,0.00,0.01
54,0,0.00,0.01
55,0,0.00,0.01
56,0,0.00,0.01
57,0,0.00,0.01
58,0,0.00,0.01
59,0,0.00,0.01
60,0,0.00,0.01
61,0,0.00,0.01
62,0,0.00,0.01
63,0,0.00,0.01
64,0,0.00,0.01
65,0,0.00,0.01
66,0,0.00,0.01
67,0,0.00,0.01
68,0,0.00,0.01
69,0,0.00,0.01
70,0,0.00,0.01
71,0,0.00,0.01
72,0,0.00,0.01
73,0,0.00,0.01
74,0,0.00,0.01
75,0,0.00,0.01
76,0,0.00,0.01
77,0,0.00,0.01
78,0,0.00,0.01
79,0,0.00,0.01
80,0,0.00,0.01
81,0,0.00,0.01
82,0,0.00,0.01
83,0,0.00,0.01
84,0,0.00,0.01
85,0,0.00,0.01
86,0,0.00,0.01
87,0,0.00,0.01
88,0,0.00,0.01
89,0,0.00,0.01
90,0,0.00,0.01
91,0,0.00,0.01
92,0,0.00,0.01
93,0,0.00,0.01
94,0,0.00,0.01
95,0,0.00,0.01
96,0,0.00,0.01
97,0,0.00,0.01
98,0,0.00,0.01
99,0,0.00,0.01
100,0,0.00,0.01
101,0,0.00,0.01
102,0,0.00,0.01
103,0,0.00,0.01
104,0,0.00,0.01
105,0,0.00,0.01
106,0,0.00,0.01
107,0,0.00,0.01
108,0,0.00,0.01
109,0,0.00,0.01
110,0,0.00,0.01
111,0,0.00,0.01
112,0,0.00,0.01
113,0,0.00,0.01
114,0,0.00,0.01
115,0,0.00,0.01
116,0,0.00,0.01
117,0,0.00,0.01
118,0,0.00,0.01
119,0,0.00,0.01
120,0,0.00,0.01
121,0,0.00,0.01
122,0,0.00,0.01
123,0,0.00,0.01
124,0,0.00,0.01
125,0,0.00,0.01
126,0,0.00,0.01
127,0,0.00,0.01
128,0,0.00,0.01
129,0,0.00,0.01
130,0,0.00,0.01
131,0,0.00,0.01
132,0,0.00,0.01
133,0,0.00,0.01
134,0,0.00,0.01
135,0,0.00,0.01
136,0,0.00,0.01
137,0,0.00,0.01
138,0,0.00,0.01
139,0,0.00,0.01
140,0,0.00,0.01
141,0,0.00,0.01
142,0,0.00,0.01
143,0,0.00,0.01
144,0,0.00,0.01
145,0,0.00,0.01
146,0,0.00,0.01
147,0,0.00,0.01
148,0,0.00,0.01
149,0,0.00,0.01
150,0,0.00,0.01
151,0,0.00,0.01
152,0,0.00,0.01
153,0,0.00,0.01
154,0,0.00,0.01
155,0,0.00,0.01
156,0,0.00,0.01
157,0,0.00,0.01
158,0,0.00,0.01
159,0,0.00,0.01
160,0,0.00,0.01
161,0,0.00,0.01
162,0,0.00,0.01
163,0,0.00,0.01
164,0,0.00,0.01
165,0,0.00,0.01
166,0,0.00,0.01
167,0,0.00,0.01
168,0,0.00,0.01
169,0,0.00,0.01
170,0,0.00,0.01
171,0,0.00,0.01
172,0,0.00,0.01
173,0,0.00,0.01
174,0,0.00,0.01
175,0,0.00,0.01
176,0,0.00,0.01
177,0,0.00,0.01
178,0,0.00,0.01
179,0,0.00,0.01
180,0,0.00,0.01
181,0,0.00,0.01
182,0,0.00,0.01
183,0,0.00,0.01
184,0,0.00,0.01
185,0,0.00,0.01
186,0,0.00,0.01
187,0,0.00,0.01
188,0,0.00,0.01
189,0,0.00,0.01
190,0,0.00,0.01
191,0,0.00,0.01
192,0,0.00,0.01
193,0,0.00,0.01
194,0,0.00,0.01
195,0,0.00,0.01
196,0,0.00,0.01
197,0,0.00,0.01
198,0,0.00,0.01
199,0,0.00,0.01
200,0,0.00,0.01
201,0,0.00,0.01
202,0,0.00,0.01
203,0,0.00,0.01
204,0,0.00,0.01
205,0,0.00,0.01
206,0,0.00,0.01
207,0,0.00,0.01
208,0,0.00,0.01
209,0,0.00,0.01
210,0,0.00,0.01
211,0,0.00,0.01
212,0,0.00,0.01
213,0,0.00,0.01
214,0,0.00,0.01
215,0,0.00,0.01
216,0,0.00,0.01
217,0,0.00,0.01
218,0,0.00,0.01
219,0,0.00,0.01
220,0,0.00,0.01
221,0,0.00,0.01
222,0,0.00,0.01
223,0,0.00,0.01
224,0,0.00,0.01
225,0,0.00,0.01
226,0,0.00,0.01
227,0,0.00,0.01
228,0,0.00,0.01
229,0,0.00,0.01
230,0,0.00,0.01
231,0,0.00,0.01
232,0,0.00,0.01
233,0,0.00,0.01
234,0,0.00,0.01
235,0,0.00,0.01
236,0,0.00,0.01
237,0,0.00,0.01
238,0,0.00,0.01
239,0,0.00,0.01
240,0,0.00,0.01
241,0,0.00,0.01
242,0,0.00,0.01
243,0,0.00,0.01
244,0,0.00,0.01
245,0,0.00,0.01
246,0,0.00,0.01
247,0,0.00,0.01
248,0,0.00,0.01
249,0,0.00,0.01
250,0,0.00,0.01
251,0,0.00,0.01
252,0,0.00,0.01
253,0,0.00,0.01
254,0,0.00,0.01
255,0,0.00,0.01
256,0,0.00,0.01
257,0,0.00,0.01
258,0,0.00,0.01
259,0,0.00,0.01
260,0,0.00,0.01
261,0,0.00,0.01
262,0,0.00,0.01
263,0,0.00,0.01
264,0,0.00,0.01
265,0,0.00,0.01
266,0,0.00,0.01
267,0,0.00,0.01
268,0,0.00,0.01
269,0,0.00,0.01
270,0,0.00,0.01
271,0,0.00,0.01
272,0,0.00,0.01
273,0,0.00,0.01
274,0,0.00,0.01
275,0,0.00,0.01
276,0,0.00,0.01
277,0,0.00,0.01
278,0,0.00,0.01
279,0,0.00,0.01
280,0,0.00,0.01
281,0,0.00,0.01
282,0,0.00,0.01
283,0,0.00,0.01
284,0,0.00,0.01
285,0,0.00,0.01
286,0,0.00,0.01
287,0,0.00,0.01
288,0,0.00,0.01
289,0,0.00,0.01
290,0,0.00,0.01
291,0,0.00,0.01
292,0,0.00,0.01
293,0,0.00,0.01
294,0,0.00,0.01
295,0,0.00,0.01
296,0,0.00,0.01
297,0,0.00,0.01
298,0,0.00,0.01
299,0,0.00,0.01
300,0,0.00,0.01
301,0,0.00,0.01
302,0,0.00,0.01
303,0,0.00,0.01
304,0,0.00,0.01
305,0,0.00,0.01
306,0,0.00,0.01
307,0,0.00,0.01
308,0,0.00,0.01
309,0,0.00,0.01
310,0,0.00,0.01
311,0,0.00,0.01
312,0,0.00,0.01
313,0,0.00,0.01
314,0,0.00,0.01
315,0,0.00,0.01
316,0,0.00,0.01
317,0,0.00,0.01
318,0,0.00,0.01
319,0,0.00,0.01
320,0,0.00,0.01
321,0,0.00,0.01
322,0,0.00,0.01
323,0,0.00,0.01
324,0,0.00,0.01
325,0,0.00,0.01
326,0,0.00,0.01
327,0,0.00,0.01
328,0,0.00,0.01
329,0,0.00,0.01
330,0,0.00,0.01
331,0,0.00,0.01
332,0,0.00,0.01
333,0,0.00,0.01
334,0,0.00,0.01
335,0,0.00,0.01
336,0,0.00,0.01
337,0,0.00,0.01
338,0,0.00,0.01
339,0,0.00,0.01
340,0,0.00,0.01
341,0,0.00,0.01
342,0,0.00,0.01
343,0,0.00,0.01
344,0,0.00,0.01
345,0,0.00,0.01
346,0,0.00,0.01
347,0,0.00,0.01
348,0,0.00,0.01
349,0,0.00,0.01
350,0,0.00,0.01
351,0,0.00,0.01
352,0,0.00,0.01
353,0,0.00,0.01
354,0,0.00,0.01
355,0,0.00,0.01
356,0,0.00,0.01
357,0,0.00,0.01
358,0,0.00,0.01
359,0,0.00,0.01
360,0,0.00,0.01
361,0,0.00,0.01
362,0,0.00,0.01
363,0,0.00,0.01
364,0,0.00,0.01
365,0,0.00,0.01
366,0,0.00,0.01
367,0,0.00,0.01
368,0,0.00,0.01
369,0,0.00,0.01
370,0,0.00,0.01
371,0,0.00,0.01
372,0,0.00,0.01
373,0,0.00,0.01
374,0,0.00,0.01
375,0,0.00,0.01
376,0,0.00,0.01
377,0,0.00,0.01
378,0,0.00,0.01
379,0,0.00,0.01
380,0,0.00,0.01
381,0,0.00,0.01
382,0,0.00,0.01
383,0,0.00,0.01
384,0,0.00,0.01
385,0,0.00,0.01
386,0,0.00,0.01
387,0,0.00,0.01
388,0,0.00,0.01
389,0,0.00,0.01
390,0,0.00,0.01
391,0,0.00,0.01
392,0,0.00,0.01
393,0,0.00,0.01
394,0,0.00,0.01
395,0,0.00,0.01
396,0,0.00,0.01
397,0,0.00,0.01
398,0,0.00,0.01
399,0,0.00,0.01
400,0,0.00,0.01
401,0,0.00,0.01
402,0,0.00,0.01
403,0,0.00,0.01
404,0,0.00,0.01
405,0,0.00,0.01
406,0,0.00,0.01
407,0,0.00,0.01
408,0,0.00,0.01
409,0,0.00,0.01
410,0,0.00,0.01
411,0,0.00,0.01
412,0,0.00,0.01
413,0,0.00,0.01
414,0,0.00,0.01
415,0,0.00,0.01
416,0,0.00,0.01
417,0,0.00,0.01
418,0,0.00,0.01
419,0,0.00,0.01
420,0,0.00,0.01
421,0,0.00,0.01
422,0,0.00,0.01
423,0,0.00,0.01
424,0,0.00,0.01
425,0,0.00,0.01
426,0,0.00,0.01
427,0,0.00,0.01
428,0,0.00,0.01
429,0,0.00,0.01
430,0,0.00,0.01
431,0,0.00,0.01
432,0,0.00,0.01
433,0,0.00,0.01
434,0,0.00,0.01
435,0,0.00,0.01
436,0,0.00,0.01
437,0,0.00,0.01
438,0,0.00,0.01
439,0,0.00,0.01
440,0,0.00,0.01
441,0,0.00,0.01
442,0,0.00,0.01
443,0,0.00,0.01
444,0,0.00,0.01
445,0,0.00,0.01
446,0,0.00,0.01
447,0,0.00,0.01
448,0,0.00,0.01
449,0,0.00,0.01
450,0,0.00,0.01
451,0,0.00,0.01
452,0,0.00,0.01
453,0,0.00,0.01
454,0,0.00,0.01
455,0,0.00,0.01
456,0,0.00,0.01
457,0,0.00,0.01
458,0,0.00,0.01
459,0,0.00,0.01
460,0,0.00,0.01
461,0,0.00,0.01
462,0,0.00,0.01
463,0,0.00,0.01
464,0,0.00,0.01
465,0,0.00,0.01
466,0,0.00,0.01
467,0,0.00,0.01
468,0,0.00,0.01
469,0,0.00,0.01
470,0,0.00,0.01
471,0,0.00,0.01
472,0,0.00,0.01
473,0,0.00,0.01
474,0,0.00,0.01
475,0,0.00,0.01
476,0,0.00,0.01
477,0,0.00,0.01
478,0,0.00,0.01
479,0,0.00,0.01
480,0,0.00,0.01
481,0,0.00,0.01
482,0,0.00,0.01
483,0,0.00,0.01
484,0,0.00,0.01
485,0,0.00,0.01
486,0,0.00,0.01
487,0,0.00,0.01
488,0,0.00,0.01
489,0,0.00,0.01
490,0,0.00,0.01
491,0,0.00,0.01
492,0,0.00,0.01
493,0,0.00,0.01
494,0,0.00,0.01
495,0,0.00,0.01
496,0,0.00,0.01
497,0,0.00,0.01
498,0,0.00,0.01
499,0,0.00,0.01
500,0,1.00,0.01
501,21,1.00,0.01
502,21,1.00,0.01
503,21,1.00,0.01
504,21,1.00,0.02
505,22,1.00,0.02
506,22,1.00,0.02
507,22,1.00,0.03
508,22,1.00,0.03
509,23,1.00,0.04
510,23,1.00,0.05
511,23,1.00,0.05
512,23,1.00,0.06
513,23,1.00,0.07
514,23,1.00,0.08
515,23,1.00,0.10
516,23,1.00,0.11
517,23,1.00,0.12
518,23,1.00,0.14
519,23,1.00,0.15
520,23,1.00,0.17
521,23,1.00,0.19
522,23,1.00,0.21
523,23,1.00,0.23
524,22,1.00,0.25
525,22,1.00,0.27
526,22,1.00,0.29
527,22,1.00,0.32
528,21,1.00,0.34
529,21,1.00,0.36
530,21,1.00,0.38
531,20,1.00,0.41
532,20,1.00,0.43
533,20,1.00,0.45
534,19,1.00,0.46
535,19,1.00,0.48
536,19,1.00,0.50
537,19,1.00,0.52
538,18,1.00,0.54
539,18,1.00,0.55
540,18,1.00,0.57
541,17,1.00,0.59
542,17,1.00,0.61
543,17,1.00,0.63
544,16,1.00,0.65
545,16,1.00,0.67
546,16,1.00,0.68
547,16,1.00,0.70
548,15,1.00,0.72
549,15,1.00,0.72
550,15,1.00,0.74
551,15,1.00,0.74
552,15,1.00,0.75
553,15,1.00,0.75
554,15,1.00,0.75
555,15,1.00,0.75
556,15,1.00,0.75
557,15,1.00,0.75
558,15,1.00,0.75
559,15,1.00,0.75
560,15,1.00,0.76
561,15,1.00,0.76
562,15,1.00,0.77
563,15,1.00,0.77
564,15,1.00,0.79
565,15,1.00,0.80
566,14,1.00,0.81
567,14,1.00,0.82
568,14,1.00,0.83
569,14,1.00,0.84
570,14,1.00,0.85
571,14,1.00,0.85
572,14,1.00,0.85
573,14,1.00,0.85
574,14,1.00,0.85
575,14,1.00,0.83
576,14,1.00,0.83
577,14,1.00,0.83
578,14,1.00,0.82
579,15,1.00,0.82
580,15,1.00,0.82
581,15,1.00,0.82
582,15,1.00,0.82
583,15,1.00,0.83
584,15,1.00,0.83
585,15,1.00,0.85
586,14,1.00,0.85
587,14,1.00,0.86
588,14,1.00,0.87
589,14,1.00,0.88
590,14,1.00,0.88
591,14,1.00,0.88
592,14,1.00,0.88
593,14,1.00,0.87
594,14,1.00,0.86
595,14,1.00,0.85
596,15,1.00,0.85
597,15,1.00,0.84
598,15,1.00,0.84
599,15,1.00,0.84
600,15,1.00,0.84
601,15,1.00,0.84
602,15,1.00,0.84
603,15,1.00,0.85
604,15,1.00,0.85
605,15,1.00,0.86
606,15,1.00,0.87
607,15,1.00,0.89
608,14,1.00,0.90
609,14,1.00,0.90
610,14,1.00,0.91
611,14,1.00,0.91
612,14,1.00,0.90
613,14,1.00,0.90
614,14,1.00,0.89
615,15,1.00,0.89
616,15,1.00,0.88
617,15,1.00,0.88
618,15,1.00,0.88
619,15,1.00,0.88
620,15,1.00,0.88
621,15,1.00,0.88
622,15,1.00,0.89
623,15,1.00,0.89
624,15,1.00,0.90
625,15,1.00,0.91
626,15,1.00,0.92
627,14,1.00,0.93
628,14,1.00,0.94
629,14,1.00,0.93
630,14,1.00,0.92
631,14,1.00,0.92
632,15,1.00,0.90
633,15,1.00,0.90
634,15,1.00,0.89
635,15,1.00,0.88
636,15,1.00,0.88
637,15,1.00,0.88
638,15,1.00,0.88
639,15,1.00,0.88
640,16,1.00,0.89
641,15,1.00,0.89
642,15,1.00,0.90
643,15,1.00,0.91
644,15,1.00,0.92
645,15,1.00,0.93
646,15,1.00,0.94
647,15,1.00,0.94
648,15,1.00,0.94
649,15,1.00,0.93
650,15,1.00,0.92
651,15,1.00,0.92
652,15,1.00,0.92
653,15,1.00,0.92
654,15,1.00,0.92
655,15,1.00,0.92
656,15,1.00,0.92
657,15,1.00,0.92
658,15,1.00,0.92
659,15,1.00,0.93
660,15,1.00,0.93
661,15,1.00,0.94
662,15,1.00,0.95
663,15,1.00,0.95
664,14,1.00,0.95
665,14,1.00,0.95
666,14,1.00,0.95
667,15,1.00,0.94
668,15,1.00,0.94
669,15,1.00,0.93
670,15,1.00,0.93
671,15,1.00,0.92
672,15,1.00,0.92
673,15,1.00,0.92
674,15,1.00,0.92
675,15,1.00,0.92
676,15,1.00,0.92
677,15,1.00,0.92
678,16,1.00,0.93
679,15,1.00,0.94
680,15,1.00,0.94
681,15,1.00,0.95
682,15,1.00,0.95
683,15,1.00,0.95
684,15,1.00,0.95
685,15,1.00,0.94
686,15,1.00,0.94
687,15,1.00,0.93
688,16,1.00,0.93
689,16,1.00,0.93
690,16,1.00,0.93
691,16,1.00,0.93
692,16,1.00,0.93
693,16,1.00,0.93
694,16,1.00,0.94
695,16,1.00,0.94
696,15,1.00,0.95
697,15,1.00,0.96
698,15,1.00,0.97
699,15,1.00,0.97
700,15,1.00,0.97
701,15,1.00,0.97
702,15,1.00,0.96
703,15,1.00,0.96
704,15,1.00,0.95
705,15,1.00,0.95
706,15,1.00,0.95
707,15,1.00,0.96
708,15,1.00,0.96
709,15,1.00,0.96
710,15,1.00,0.97
711,15,1.00,0.97
712,15,1.00,0.97
713,15,1.00,0.98
714,15,1.00,0.98
715,15,1.00,0.99
716,14,1.00,1.00
717,14,1.00,1.00
718,14,1.00,1.00
719,14,1.00,1.00
720,14,1.00,1.00
721,14,1.00,1.00
722,14,1.00,1.00
723,14,1.00,0.99
724,14,1.00,0.99
725,14,1.00,0.99
726,14,1.00,0.99
727,14,1.00,0.99
728,14,1.00,1.00
729,14,1.00,1.00
730,14,1.00,1.00
731,14,1.00,1.01
732,14,1.00,1.01
733,14,1.00,1.01
734,14,1.00,1.01
735,14,1.00,1.01
736,14,1.00,1.01
737,14,1.00,1.00
738,14,1.00,0.99
739,14,1.00,0.99
740,14,1.00,0.99
741,15,1.00,0.99
742,15,1.00,0.98
743,15,1.00,0.98
744,15,1.00,0.98
745,15,1.00,0.98
746,15,1.00,0.98
747,15,1.00,0.98
748,15,1.00,0.99
749,15,1.00,0.99
750,14,1.00,0.99
751,14,1.00,0.99
752,14,1.00,0.99
753,15,1.00,0.99
754,15,1.00,0.98
755,15,1.00,0.98
756,15,1.00,0.97
757,15,1.00,0.97
758,15,1.00,0.97
759,15,1.00,0.97
760,15,1.00,0.97
761,15,1.00,0.97
762,15,1.00,0.97
763,15,1.00,0.97
764,15,1.00,0.98
765,15,1.00,0.99
766,15,1.00,0.99
767,15,1.00,0.99
768,15,1.00,0.98
769,15,1.00,0.97
770,15,1.00,0.97
771,15,1.00,0.97
772,15,1.00,0.96
773,15,1.00,0.96
774,15,1.00,0.95
775,16,1.00,0.95
776,16,1.00,0.95
777,16,1.00,0.95
778,16,1.00,0.95
779,16,1.00,0.95
780,16,1.00,0.96
781,15,1.00,0.96
782,16,1.00,0.97
783,15,1.00,0.98
784,15,1.00,0.99
785,15,1.00,0.98
786,15,1.00,0.98
787,15,1.00,0.97
788,15,1.00,0.97
789,15,1.00,0.97
790,15,1.00,0.97
791,15,1.00,0.97
792,15,1.00,0.97
793,15,1.00,0.97
794,15,1.00,0.97
795,15,1.00,0.97
796,15,1.00,0.97
797,15,1.00,0.98
798,15,1.00,0.99
799,15,1.00,0.99
800,15,1.00,0.99
801,15,1.00,1.00
802,15,1.00,1.00
803,15,1.00,1.00
804,15,1.00,0.99
805,15,1.00,0.99
806,15,1.00,0.99
807,15,1.00,0.99
808,15,1.00,1.00
809,15,1.00,1.00
810,15,1.00,1.00
811,15,1.00,1.01
812,15,1.00,1.01
813,15,1.00,1.01
814,15,1.00,1.01
815,14,1.00,1.01
816,14,1.00,1.01
817,14,1.00,1.02
818,14,1.00,1.02
819,14,1.00,1.02
820,14,1.00,1.02
821,14,1.00,1.02
822,14,1.00,1.02
823,14,1.00,1.02
824,14,1.00,1.01
825,14,1.00,1.01
826,14,1.00,1.01
827,14,1.00,1.01
828,14,1.00,1.01
829,14,1.00,1.01
830,14,1.00,1.01
831,14,1.00,1.02
832,14,1.00,1.02
833,14,1.00,1.02
834,14,1.00,1.02
835,14,1.00,1.02
836,14,1.00,1.01
837,14,1.00,1.01
838,14,1.00,1.01
839,14,1.00,1.01
840,14,1.00,1.00
841,15,1.00,1.00
842,15,1.00,1.00
843,15,1.00,0.99
844,15,1.00,0.99
845,15,1.00,0.99
846,15,1.00,0.99
847,15,1.00,0.99
848,15,1.00,0.99
849,15,1.00,1.00
850,15,1.00,1.01
851,14,1.00,1.01
852,14,1.00,1.00
853,15,1.00,1.00
854,15,1.00,0.99
855,15,1.00,0.99
856,15,1.00,0.99
857,15,1.00,0.99
858,15,1.00,0.99
859,15,1.00,0.99
860,15,1.00,0.99
861,15,1.00,0.99
862,15,1.00,0.99
863,15,1.00,0.99
864,15,1.00,0.99
865,15,1.00,1.00
866,15,1.00,0.99
867,15,1.00,1.00
868,15,1.00,1.00
869,15,1.00,0.99
870,15,1.00,0.99
871,15,1.00,0.98
872,15,1.00,0.98
873,15,1.00,0.98
874,15,1.00,0.97
875,15,1.00,0.97
876,15,1.00,0.97
877,15,1.00,0.97
878,15,1.00,0.97
879,15,1.00,0.97
880,15,1.00,0.98
881,15,1.00,0.98
882,15,1.00,0.99
883,15,1.00,0.99
884,15,1.00,0.99
885,15,1.00,0.99
886,15,1.00,0.99
887,15,1.00,0.98
888,15,1.00,0.98
889,15,1.00,0.97
890,15,1.00,0.97
891,15,1.00,0.97
892,15,1.00,0.97
893,15,1.00,0.97
894,15,1.00,0.97
895,15,1.00,0.98
896,15,1.00,0.98
897,15,1.00,0.99
898,15,1.00,0.99
899,15,1.00,1.00
900,15,1.00,1.00
901,15,1.00,1.00
902,15,1.00,1.00
903,15,1.00,1.00
904,15,1.00,0.99
905,15,1.00,0.99
906,15,1.00,0.99
907,15,1.00,0.99
908,15,1.00,1.00
909,15,1.00,1.00
910,15,1.00,1.00
911,15,1.00,1.00
912,15,1.00,1.01
913,15,1.00,1.01
914,15,1.00,1.01
915,15,1.00,1.01
916,15,1.00,1.02
917,14,1.00,1.02
918,14,1.00,1.02
919,14,1.00,1.02
920,14,1.00,1.01
921,15,1.00,1.01
922,15,1.00,1.01
923,15,1.00,1.01
924,15,1.00,1.01
925,15,1.00,1.01
926,15,1.00,1.01
927,15,1.00,1.01
928,15,1.00,1.01
929,14,1.00,1.01
930,14,1.00,1.02
931,14,1.00,1.02
932,14,1.00,1.03
933,14,1.00,1.03
934,14,1.00,1.03
935,14,1.00,1.02
936,14,1.00,1.02
937,14,1.00,1.02
938,14,1.00,1.01
939,14,1.00,1.01
940,14,1.00,1.01
941,15,1.00,1.01
942,15,1.00,1.01
943,15,1.00,1.01
944,15,1.00,1.01
945,15,1.00,1.00
946,15,1.00,1.00
947,15,1.00,1.01
948,15,1.00,1.01
949,15,1.00,1.01
950,14,1.00,1.01
951,14,1.00,1.01
952,14,1.00,1.01
953,14,1.00,1.01
954,15,1.00,1.01
955,15,1.00,1.01
956,15,1.00,1.01
957,15,1.00,1.00
958,15,1.00,1.00
959,15,1.00,1.00
960,15,1.00,1.00
961,15,1.00,1.00
962,15,1.00,1.00
963,15,1.00,1.00
964,15,1.00,1.00
965,15,1.00,1.00
966,15,1.00,1.00
967,15,1.00,1.00
968,15,1.00,1.00
969,15,1.00,0.99
970,15,1.00,0.99
971,15,1.00,0.99
972,15,1.00,0.98
973,15,1.00,0.98
974,15,1.00,0.98
975,15,1.00,0.97
976,15,1.00,0.97
977,15,1.00,0.97
978,15,1.00,0.97
979,15,1.00,0.97
980,15,1.00,0.98
981,15,1.00,0.98
982,15,1.00,0.99
983,15,1.00,0.99
984,15,1.00,0.99
985,15,1.00,0.99
986,15,1.00,0.98
987,15,1.00,0.98
988,15,1.00,0.97
989,15,1.00,0.97
990,15,1.00,0.97
991,15,1.00,0.97
992,15,1.00,0.97
993,15,1.00,0.97
994,15,1.00,0.97
995,15,1.00,0.97
996,15,1.00,0.98
997,15,1.00,0.99
998,15,1.00,0.99
999,15,1.00,1.00
1000,15,1.00,1.00
1001,15,1.00,1.00
1002,15,1.00,1.00
1003,15,1.00,0.99
1004,15,1.00,0.99
1005,15,1.00,0.99
1006,15,1.00,0.99
1007,15,1.00,0.99
1008,15,1.00,0.99
1009,15,1.00,0.99
1010,15,1.00,1.00
1011,15,1.00,1.00
1012,15,1.00,1.00
1013,15,1.00,1.01
1014,15,1.00,1.01
1015,15,1.00,1.01
1016,15,1.00,1.01
1017,15,1.00,1.02
1018,14,1.00,1.02
1019,14,1.00,1.02
1020,14,1.00,1.02
1021,14,1.00,1.01
1022,15,1.00,1.01
1023,15,1.00,1.01
1024,15,1.00,1.01
1025,15,1.00,1.01
1026,15,1.00,1.01
1027,15,1.00,1.01
1028,15,1.00,1.01
1029,15,1.00,1.02
1030,14,1.00,1.02
1031,14,1.00,1.02
1032,14,1.00,1.02
1033,14,1.00,1.02
1034,14,1.00,1.02
1035,14,1.00,1.02
1036,14,1.00,1.01
1037,14,1.00,1.01
1038,14,1.00,1.01
1039,15,1.00,1.01
1040,15,1.00,1.01
1041,15,1.00,1.01
1042,15,1.00,1.00
1043,15,1.00,1.00
1044,15,1.00,1.00
1045,15,1.00,1.00
1046,15,1.00,1.00
1047,15,1.00,1.00
1048,15,1.00,1.01
1049,15,1.00,1.01
1050,14,1.00,1.01
1051,14,1.00,1.01
1052,15,1.00,1.01
1053,15,1.00,1.01
1054,15,1.00,1.00
1055,15,1.00,1.00
1056,15,1.00,1.00
1057,15,1.00,1.00
1058,15,1.00,1.00
1059,15,1.00,1.00
1060,15,1.00,1.00
1061,15,1.00,1.00
1062,15,1.00,1.00
1063,15,1.00,1.00
1064,15,1.00,1.01
1065,15,1.00,1.01
1066,15,1.00,1.01
1067,15,1.00,1.01
1068,15,1.00,1.01
1069,15,1.00,1.01
1070,15,1.00,1.00
1071,15,1.00,1.00
1072,15,1.00,0.99
1073,15,1.00,0.99
1074,15,1.00,0.99
1075,15,1.00,0.99
1076,15,1.00,0.99
1077,15,1.00,0.99
1078,15,1.00,0.99
1079,15,1.00,1.00
1080,15,1.00,1.00
1081,15,1.00,1.00
1082,15,1.00,1.01
1083,15,1.00,1.01
1084,15,1.00,1.00
1085,15,1.00,1.00
1086,15,1.00,0.99
1087,15,1.00,0.99
1088,15,1.00,0.99
1089,15,1.00,0.99
1090,15,1.00,0.99
1091,15,1.00,0.99
1092,15,1.00,0.99
1093,15,1.00,0.99
1094,15,1.00,0.99
1095,15,1.00,1.00
1096,15,1.00,1.00
1097,15,1.00,1.01
1098,15,1.00,1.01
1099,15,1.00,1.01
1100,14,1.00,1.01
1101,14,1.00,1.01
1102,15,1.00,1.01
1103,15,1.00,1.01
1104,15,1.00,1.01
1105,15,1.00,1.01
1106,15,1.00,1.01
1107,15,1.00,1.01
1108,15,1.00,1.01
1109,15,1.00,1.01
1110,14,1.00,1.01
1111,14,1.00,1.01
1112,14,1.00,1.01
1113,14,1.00,1.02
1114,14,1.00,1.02
1115,14,1.00,1.02
1116,14,1.00,1.03
1117,14,1.00,1.02
1118,14,1.00,1.02
1119,14,1.00,1.02
1120,14,1.00,1.02
1121,14,1.00,1.02
1122,14,1.00,1.02
1123,14,1.00,1.02
1124,14,1.00,1.02
1125,14,1.00,1.02
1126,14,1.00,1.02
1127,14,1.00,1.02
1128,14,1.00,1.02
1129,14,1.00,1.02
1130,14,1.00,1.03
1131,14,1.00,1.02
1132,14,1.00,1.02
1133,14,1.00,1.02
1134,14,1.00,1.02
1135,14,1.00,1.01
1136,14,1.00,1.01
1137,14,1.00,1.01
1138,14,1.00,1.01
1139,14,1.00,1.00
1140,15,1.00,1.00
1141,15,1.00,1.00
1142,15,1.00,1.00
1143,15,1.00,0.99
1144,15,1.00,0.99
1145,15,1.00,0.99
1146,15,1.00,1.00
1147,15,1.00,1.01
1148,14,1.00,1.01
1149,14,1.00,1.01
1150,14,1.00,1.01
1151,14,1.00,1.00
1152,15,1.00,1.00
1153,15,1.00,0.99
1154,15,1.00,0.99
1155,15,1.00,0.99
1156,15,1.00,0.99
1157,15,1.00,0.99
1158,15,1.00,0.99
1159,15,1.00,0.99
1160,15,1.00,0.99
1161,15,1.00,0.99
1162,15,1.00,0.99
1163,15,1.00,1.00
1164,15,1.00,0.99
1165,15,1.00,1.00
1166,15,1.00,1.00
1167,15,1.00,0.99
1168,15,1.00,0.99
1169,15,1.00,0.99
1170,15,1.00,0.98
1171,15,1.00,0.98
1172,15,1.00,0.98
1173,15,1.00,0.97
1174,15,1.00,0.97
1175,15,1.00,0.97
1176,15,1.00,0.97
1177,15,1.00,0.98
1178,15,1.00,0.98
1179,15,1.00,0.98
1180,15,1.00,0.99
1181,15,1.00,0.99
1182,15,1.00,0.99
1183,15,1.00,0.99
1184,15,1.00,0.99
1185,15,1.00,0.98
1186,15,1.00,0.98
1187,15,1.00,0.97
1188,15,1.00,0.97
1189,15,1.00,0.97
1190,15,1.00,0.97
1191,15,1.00,0.97
1192,15,1.00,0.98
1193,15,1.00,0.98
1194,15,1.00,0.98
1195,15,1.00,0.99
1196,15,1.00,0.99
1197,15,1.00,1.00
1198,15,1.00,1.00
1199,15,1.00,1.00
1200,15,1.00,1.00
1201,15,1.00,1.00
1202,15,1.00,0.99
1203,15,1.00,0.99
1204,15,1.00,0.99
1205,15,1.00,0.99
1206,15,1.00,1.00
1207,15,1.00,1.00
1208,15,1.00,1.00
1209,15,1.00,1.01
1210,15,1.00,1.01
1211,15,1.00,1.01
1212,15,1.00,1.01
1213,15,1.00,1.01
1214,14,1.00,1.02
1215,14,1.00,1.02
1216,14,1.00,1.02
1217,14,1.00,1.02
1218,14,1.00,1.02
1219,14,1.00,1.02
1220,14,1.00,1.02
1221,14,1.00,1.02
1222,14,1.00,1.02
1223,14,1.00,1.02
1224,14,1.00,1.02
1225,14,1.00,1.02
1226,14,1.00,1.02
1227,14,1.00,1.02
1228,14,1.00,1.02
1229,14,1.00,1.02
1230,14,1.00,1.03
1231,14,1.00,1.03
1232,14,1.00,1.03
1233,14,1.00,1.02
1234,14,1.00,1.02
1235,14,1.00,1.01
1236,14,1.00,1.01
1237,14,1.00,1.01
1238,14,1.00,1.01
1239,14,1.00,1.00
1240,15,1.00,1.00
1241,15,1.00,1.00
1242,15,1.00,1.00
1243,15,1.00,0.99
1244,15,1.00,0.99
1245,15,1.00,1.00
1246,15,1.00,1.00
1247,15,1.00,1.01
1248,14,1.00,1.01
1249,14,1.00,1.01
1250,14,1.00,1.00
1251,15,1.00,1.00
1252,15,1.00,0.99
1253,15,1.00,0.99
1254,15,1.00,0.99
1255,15,1.00,0.99
1256,15,1.00,0.99
1257,15,1.00,0.99
1258,15,1.00,0.99
1259,15,1.00,0.99
1260,15,1.00,0.99
1261,15,1.00,0.99
1262,15,1.00,0.99
1263,15,1.00,0.99
1264,15,1.00,0.99
1265,15,1.00,0.99
1266,15,1.00,0.99
1267,15,1.00,0.99
1268,15,1.00,0.99
1269,15,1.00,0.98
1270,15,1.00,0.98
1271,15,1.00,0.97
1272,15,1.00,0.97
1273,15,1.00,0.97
1274,15,1.00,0.97
1275,15,1.00,0.97
1276,15,1.00,0.97
1277,15,1.00,0.97
1278,15,1.00,0.98
1279,15,1.00,0.98
1280,15,1.00,0.99
1281,15,1.00,0.99
1282,15,1.00,0.99
1283,15,1.00,0.99
1284,15,1.00,0.99
1285,15,1.00,0.98
1286,15,1.00,0.97
1287,15,1.00,0.97
1288,15,1.00,0.97
1289,15,1.00,0.97
1290,15,1.00,0.97
1291,15,1.00,0.97
1292,15,1.00,0.97
1293,15,1.00,0.98
1294,15,1.00,0.98
1295,15,1.00,0.99
1296,15,1.00,0.99
1297,15,1.00,1.00
1298,15,1.00,1.00
1299,15,1.00,1.00
1300,15,1.00,1.00
1301,15,1.00,0.99
1302,15,1.00,0.99
1303,15,1.00,0.99
1304,15,1.00,0.99
1305,15,1.00,0.99
1306,15,1.00,0.99
1307,15,1.00,1.00
1308,15,1.00,1.00
1309,15,1.00,1.00
1310,15,1.00,1.01
1311,15,1.00,1.01
1312,15,1.00,1.01
1313,15,1.00,1.01
1314,15,1.00,1.02
1315,14,1.00,1.02
1316,14,1.00,1.02
1317,14,1.00,1.03
1318,14,1.00,1.02
1319,14,1.00,1.03
1320,14,1.00,1.02
1321,14,1.00,1.02
1322,14,1.00,1.02
1323,14,1.00,1.02
1324,14,1.00,1.02
1325,14,1.00,1.02
1326,14,1.00,1.02
1327,14,1.00,1.02
1328,14,1.00,1.02
1329,14,1.00,1.03
1330,14,1.00,1.03
1331,14,1.00,1.03
1332,14,1.00,1.02
1333,14,1.00,1.02
1334,14,1.00,1.02
1335,14,1.00,1.01
1336,14,1.00,1.01
1337,14,1.00,1.01
1338,15,1.00,1.01
1339,15,1.00,1.00
1340,15,1.00,1.00
1341,15,1.00,1.00
1342,15,1.00,1.00
1343,15,1.00,0.99
1344,15,1.00,0.99
1345,15,1.00,1.00
1346,15,1.00,1.00
1347,15,1.00,1.01
1348,15,1.00,1.01
1349,15,1.00,1.00
1350,15,1.00,1.00
1351,15,1.00,0.99
1352,15,1.00,0.99
1353,15,1.00,0.99
1354,15,1.00,0.99
1355,15,1.00,0.99
1356,15,1.00,0.99
1357,15,1.00,0.99
1358,15,1.00,0.99
1359,15,1.00,0.99
1360,15,1.00,0.99
1361,15,1.00,0.99
1362,15,1.00,0.99
1363,15,1.00,1.00
1364,15,1.00,1.00
1365,15,1.00,1.00
1366,15,1.00,0.99
1367,15,1.00,0.99
1368,15,1.00,0.98
1369,15,1.00,0.98
1370,15,1.00,0.98
1371,15,1.00,0.97
1372,15,1.00,0.97
1373,15,1.00,0.97
1374,15,1.00,0.97
1375,15,1.00,0.97
1376,15,1.00,0.97
1377,15,1.00,0.97
1378,15,1.00,0.98
1379,15,1.00,0.98
1380,15,1.00,0.99
1381,15,1.00,0.99
1382,15,1.00,0.99
1383,15,1.00,0.99
1384,15,1.00,0.99
1385,15,1.00,0.98
1386,15,1.00,0.97
1387,15,1.00,0.97
1388,15,1.00,0.97
1389,15,1.00,0.97
1390,15,1.00,0.97
1391,15,1.00,0.97
1392,15,1.00,0.98
1393,15,1.00,0.98
1394,15,1.00,0.99
1395,15,1.00,0.99
1396,15,1.00,0.99
1397,15,1.00,1.00
1398,15,1.00,1.01
1399,15,1.00,1.01
1400,15,1.00,1.00
1401,15,1.00,1.00
1402,15,1.00,1.00
1403,15,1.00,1.00
1404,15,1.00,1.00
1405,15,1.00,1.00
1406,15,1.00,1.00
1407,15,1.00,1.01
1408,15,1.00,1.01
1409,15,1.00,1.01
1410,15,1.00,1.01
1411,15,1.00,1.01
1412,15,1.00,1.01
1413,15,1.00,1.02
1414,14,1.00,1.02
1415,14,1.00,1.02
1416,14,1.00,1.02
1417,14,1.00,1.02
1418,14,1.00,1.02
1419,14,1.00,1.02
1420,14,1.00,1.02
1421,14,1.00,1.02
1422,14,1.00,1.02
1423,14,1.00,1.02
1424,14,1.00,1.01
1425,15,1.00,1.02
1426,14,1.00,1.02
1427,14,1.00,1.02
1428,14,1.00,1.02
1429,14,1.00,1.03
1430,14,1.00,1.02
1431,14,1.00,1.02
1432,14,1.00,1.02
1433,14,1.00,1.02
1434,14,1.00,1.01
1435,14,1.00,1.01
1436,14,1.00,1.01
1437,15,1.00,1.01
1438,15,1.00,1.00
1439,15,1.00,1.00
1440,15,1.00,1.00
1441,15,1.00,1.00
1442,15,1.00,1.00
1443,15,1.00,1.00
1444,15,1.00,1.00
1445,15,1.00,1.00
1446,15,1.00,1.01
1447,15,1.00,1.01
1448,15,1.00,1.01
1449,15,1.00,1.01
1450,15,1.00,1.00
1451,15,1.00,1.00
1452,15,1.00,1.00
1453,15,1.00,0.99
1454,15,1.00,0.99
1455,15,1.00,0.99
1456,15,1.00,0.99
1457,15,1.00,0.99
1458,15,1.00,0.99
1459,15,1.00,0.99
1460,15,1.00,0.99
1461,15,1.00,0.99
1462,15,1.00,1.00
1463,15,1.00,1.00
1464,15,1.00,1.00
1465,15,1.00,1.00
1466,15,1.00,1.00
1467,15,1.00,0.99
1468,15,1.00,0.99
1469,15,1.00,0.99
1470,15,1.00,0.99
1471,15,1.00,0.99
1472,15,1.00,0.99
1473,15,1.00,0.99
1474,15,1.00,0.99
1475,15,1.00,0.99
1476,15,1.00,0.99
1477,15,1.00,0.99
1478,15,1.00,0.99
1479,15,1.00,1.00
1480,15,1.00,1.01
1481,15,1.00,1.01
1482,15,1.00,1.00
1483,15,1.00,1.00
1484,15,1.00,0.99
1485,15,1.00,0.99
1486,15,1.00,0.99
1487,15,1.00,0.99
1488,15,1.00,0.99
1489,15,1.00,0.99
1490,15,1.00,0.99
1491,15,1.00,0.99
1492,15,1.00,0.99
1493,15,1.00,1.00
1494,15,1.00,1.00
1495,15,1.00,1.01
1496,15,1.00,1.01
1497,15,1.00,1.01
1498,15,1.00,1.01
1499,15,1.00,1.01
1500,49,2.50,1.01
1501,50,2.50,1.01
1502,51,2.50,1.01
1503,51,2.50,1.03
1504,51,2.50,1.04
1505,51,2.50,1.06
1506,51,2.50,1.08
1507,51,2.50,1.10
1508,51,2.50,1.13
1509,51,2.50,1.14
1510,51,2.50,1.15
1511,51,2.50,1.18
1512,51,2.50,1.22
1513,51,2.50,1.26
1514,50,2.50,1.32
1515,49,2.50,1.37
1516,48,2.50,1.41
1517,48,2.50,1.44
1518,47,2.50,1.46
1519,47,2.50,1.51
1520,46,2.50,1.56
1521,45,2.50,1.63
1522,44,2.50,1.68
1523,43,2.50,1.73
1524,42,2.50,1.76
1525,42,2.50,1.80
1526,41,2.50,1.86
1527,40,2.50,1.92
1528,39,2.50,1.99
1529,37,2.50,2.05
1530,36,2.50,2.08
1531,35,2.50,2.14
1532,34,2.50,2.21
1533,33,2.50,2.28
1534,31,2.50,2.34
1535,30,2.50,2.39
1536,29,2.50,2.41
1537,28,2.50,2.44
1538,28,2.50,2.47
1539,27,2.50,2.51
1540,26,2.50,2.54
1541,25,2.50,2.57
1542,25,2.50,2.58
1543,24,2.50,2.61
1544,24,2.50,2.65
1545,23,2.50,2.68
1546,22,2.50,2.71
1547,21,2.50,2.71
1548,21,2.50,2.70
1549,21,2.50,2.74
1550,20,2.50,2.77
1551,19,2.50,2.79
1552,19,2.50,2.80
1553,19,2.50,2.77
1554,19,2.50,2.75
1555,20,2.50,2.75
1556,19,2.50,2.79
1557,18,2.50,2.83
1558,18,2.50,2.83
1559,17,2.50,2.81
1560,18,2.50,2.79
1561,18,2.50,2.80
1562,18,2.50,2.83
1563,17,2.50,2.85
1564,17,2.50,2.83
1565,17,2.50,2.80
1566,17,2.50,2.77
1567,18,2.50,2.77
1568,18,2.50,2.80
1569,17,2.50,2.83
1570,16,2.50,2.83
1571,16,2.50,2.79
1572,17,2.50,2.77
1573,17,2.50,2.78
1574,17,2.50,2.82
1575,16,2.50,2.83
1576,16,2.50,2.81
1577,16,2.50,2.76
1578,17,2.50,2.72
1579,18,2.50,2.74
1580,18,2.50,2.77
1581,17,2.50,2.78
1582,16,2.50,2.78
1583,16,2.50,2.75
1584,17,2.50,2.72
1585,17,2.50,2.74
1586,17,2.50,2.75
1587,17,2.50,2.75
1588,17,2.50,2.74
1589,17,2.50,2.70
1590,18,2.50,2.65
1591,19,2.50,2.66
1592,19,2.50,2.68
1593,18,2.50,2.68
1594,18,2.50,2.68
1595,18,2.50,2.67
1596,18,2.50,2.65
1597,18,2.50,2.65
1598,18,2.50,2.65
1599,18,2.50,2.65
1600,18,2.50,2.63
1601,19,2.50,2.62
1602,19,2.50,2.58
1603,20,2.50,2.57
1604,20,2.50,2.57
1605,20,2.50,2.57
1606,20,2.50,2.57
1607,20,2.50,2.57
1608,20,2.50,2.57
1609,20,2.50,2.57
1610,20,2.50,2.57
1611,20,2.50,2.56
1612,20,2.50,2.55
1613,20,2.50,2.54
1614,21,2.50,2.52
1615,21,2.50,2.52
1616,21,2.50,2.50
1617,21,2.50,2.50
1618,21,2.50,2.50
1619,21,2.50,2.50
1620,21,2.50,2.50
1621,21,2.50,2.53
1622,21,2.50,2.54
1623,21,2.50,2.52
1624,21,2.50,2.51
1625,21,2.50,2.50
1626,21,2.50,2.48
1627,22,2.50,2.48
1628,22,2.50,2.49
1629,22,2.50,2.48
1630,22,2.50,2.46
1631,22,2.50,2.46
1632,22,2.50,2.46
1633,22,2.50,2.48
1634,22,2.50,2.50
1635,21,2.50,2.52
1636,21,2.50,2.51
1637,21,2.50,2.50
1638,21,2.50,2.49
1639,22,2.50,2.48
1640,22,2.50,2.48
1641,22,2.50,2.50
1642,21,2.50,2.49
1643,22,2.50,2.48
1644,22,2.50,2.47
1645,22,2.50,2.47
1646,22,2.50,2.48
1647,22,2.50,2.51
1648,21,2.50,2.54
1649,20,2.50,2.53
1650,21,2.50,2.51
1651,21,2.50,2.50
1652,21,2.50,2.48
1653,22,2.50,2.48
1654,22,2.50,2.50
1655,21,2.50,2.50
1656,22,2.50,2.48
1657,22,2.50,2.46
1658,22,2.50,2.47
1659,22,2.50,2.48
1660,22,2.50,2.50
1661,22,2.50,2.52
1662,21,2.50,2.52
1663,21,2.50,2.50
1664,22,2.50,2.48
1665,22,2.50,2.48
1666,22,2.50,2.47
1667,22,2.50,2.48
1668,22,2.50,2.49
1669,22,2.50,2.47
1670,22,2.50,2.45
1671,23,2.50,2.45
1672,23,2.50,2.46
1673,23,2.50,2.47
1674,22,2.50,2.50
1675,21,2.50,2.51
1676,21,2.50,2.49
1677,22,2.50,2.48
1678,22,2.50,2.47
1679,22,2.50,2.46
1680,22,2.50,2.46
1681,22,2.50,2.49
1682,22,2.50,2.48
1683,22,2.50,2.46
1684,22,2.50,2.46
1685,23,2.50,2.46
1686,23,2.50,2.47
1687,22,2.50,2.50
1688,22,2.50,2.53
1689,21,2.50,2.52
1690,21,2.50,2.50
1691,22,2.50,2.48
1692,22,2.50,2.48
1693,22,2.50,2.48
1694,22,2.50,2.50
1695,22,2.50,2.50
1696,22,2.50,2.47
1697,22,2.50,2.46
1698,23,2.50,2.46
1699,23,2.50,2.48
1700,22,2.50,2.49
1701,22,2.50,2.52
1702,21,2.50,2.52
1703,21,2.50,2.50
1704,22,2.50,2.48
1705,22,2.50,2.48
1706,22,2.50,2.48
1707,22,2.50,2.48
1708,22,2.50,2.49
1709,22,2.50,2.47
1710,22,2.50,2.45
1711,23,2.50,2.45
1712,23,2.50,2.46
1713,23,2.50,2.48
1714,22,2.50,2.50
1715,22,2.50,2.52
1716,21,2.50,2.50
1717,22,2.50,2.48
1718,22,2.50,2.47
1719,22,2.50,2.47
1720,22,2.50,2.47
1721,22,2.50,2.49
1722,22,2.50,2.48
1723,22,2.50,2.47
1724,22,2.50,2.46
1725,23,2.50,2.47
1726,23,2.50,2.48
1727,22,2.50,2.52
1728,21,2.50,2.54
1729,21,2.50,2.52
1730,21,2.50,2.50
1731,22,2.50,2.49
1732,22,2.50,2.48
1733,22,2.50,2.48
1734,22,2.50,2.50
1735,22,2.50,2.50
1736,22,2.50,2.48
1737,22,2.50,2.47
1738,23,2.50,2.48
1739,22,2.50,2.49
1740,22,2.50,2.51
1741,22,2.50,2.54
1742,21,2.50,2.53
1743,21,2.50,2.51
1744,22,2.50,2.50
1745,22,2.50,2.50
1746,22,2.50,2.49
1747,22,2.50,2.50
1748,22,2.50,2.50
1749,22,2.50,2.48
1750,22,2.50,2.46
1751,23,2.50,2.46
1752,23,2.50,2.47
1753,23,2.50,2.49
1754,22,2.50,2.52
1755,22,2.50,2.51
1756,22,2.50,2.49
1757,22,2.50,2.48
1758,22,2.50,2.47
1759,23,2.50,2.46
1760,23,2.50,2.47
1761,23,2.50,2.48
1762,22,2.50,2.47
1763,23,2.50,2.46
1764,23,2.50,2.46
1765,23,2.50,2.46
1766,23,2.50,2.48
1767,22,2.50,2.50
1768,22,2.50,2.52
1769,21,2.50,2.50
1770,22,2.50,2.48
1771,22,2.50,2.48
1772,22,2.50,2.47
1773,23,2.50,2.48
1774,23,2.50,2.49
1775,22,2.50,2.48
1776,22,2.50,2.46
1777,23,2.50,2.46
1778,23,2.50,2.47
1779,23,2.50,2.48
1780,22,2.50,2.52
1781,22,2.50,2.54
1782,21,2.50,2.52
1783,21,2.50,2.51
1784,22,2.50,2.50
1785,22,2.50,2.49
1786,22,2.50,2.49
1787,22,2.50,2.51
1788,22,2.50,2.51
1789,22,2.50,2.49
1790,22,2.50,2.48
1791,22,2.50,2.48
1792,22,2.50,2.50
1793,22,2.50,2.52
1794,21,2.50,2.54
1795,21,2.50,2.54
1796,21,2.50,2.52
1797,22,2.50,2.51
1798,22,2.50,2.50
1799,22,2.50,2.50
1800,22,2.50,2.50
1801,22,2.50,2.51
1802,22,2.50,2.48
1803,22,2.50,2.48
1804,23,2.50,2.48
1805,23,2.50,2.48
1806,22,2.50,2.50
1807,22,2.50,2.52
1808,21,2.50,2.52
1809,21,2.50,2.50
1810,22,2.50,2.48
1811,22,2.50,2.48
1812,23,2.50,2.47
1813,23,2.50,2.48
1814,23,2.50,2.48
1815,22,2.50,2.47
1816,23,2.50,2.46
1817,23,2.50,2.46
1818,23,2.50,2.46
1819,23,2.50,2.48
1820,23,2.50,2.51
1821,22,2.50,2.52
1822,22,2.50,2.50
1823,22,2.50,2.48
1824,22,2.50,2.47
1825,23,2.50,2.47
1826,23,2.50,2.47
1827,23,2.50,2.48
1828,22,2.50,2.48
1829,23,2.50,2.46
1830,23,2.50,2.46
1831,23,2.50,2.46
1832,23,2.50,2.47
1833,23,2.50,2.50
1834,22,2.50,2.53
1835,21,2.50,2.52
1836,22,2.50,2.50
1837,22,2.50,2.50
1838,22,2.50,2.50
1839,22,2.50,2.50
1840,22,2.50,2.51
1841,22,2.50,2.50
1842,22,2.50,2.50
1843,22,2.50,2.49
1844,22,2.50,2.50
1845,22,2.50,2.51
1846,22,2.50,2.54
1847,21,2.50,2.55
1848,21,2.50,2.54
1849,21,2.50,2.53
1850,21,2.50,2.52
1851,22,2.50,2.51
1852,22,2.50,2.51
1853,22,2.50,2.52
1854,22,2.50,2.52
1855,22,2.50,2.51
1856,22,2.50,2.50
1857,22,2.50,2.51
1858,22,2.50,2.52
1859,22,2.50,2.54
1860,21,2.50,2.55
1861,21,2.50,2.55
1862,21,2.50,2.54
1863,21,2.50,2.53
1864,21,2.50,2.52
1865,21,2.50,2.52
1866,21,2.50,2.52
1867,21,2.50,2.52
1868,21,2.50,2.50
1869,22,2.50,2.49
1870,22,2.50,2.49
1871,22,2.50,2.50
1872,22,2.50,2.52
1873,22,2.50,2.54
1874,21,2.50,2.54
1875,21,2.50,2.51
1876,22,2.50,2.50
1877,22,2.50,2.50
1878,22,2.50,2.49
1879,22,2.50,2.50
1880,22,2.50,2.50
1881,22,2.50,2.48
1882,22,2.50,2.47
1883,23,2.50,2.47
1884,23,2.50,2.48
1885,22,2.50,2.49
1886,22,2.50,2.52
1887,22,2.50,2.52
1888,22,2.50,2.50
1889,22,2.50,2.48
1890,22,2.50,2.47
1891,23,2.50,2.47
1892,23,2.50,2.47
1893,23,2.50,2.48
1894,22,2.50,2.47
1895,23,2.50,2.46
1896,23,2.50,2.46
1897,23,2.50,2.46
1898,23,2.50,2.48
1899,23,2.50,2.50
1900,22,2.50,2.53
1901,21,2.50,2.50
1902,22,2.50,2.49
1903,22,2.50,2.48
1904,23,2.50,2.47
1905,23,2.50,2.48
1906,23,2.50,2.49
1907,22,2.50,2.49
1908,22,2.50,2.47
1909,23,2.50,2.46
1910,23,2.50,2.47
1911,23,2.50,2.48
1912,22,2.50,2.51
1913,22,2.50,2.54
1914,21,2.50,2.53
1915,21,2.50,2.51
1916,22,2.50,2.50
1917,22,2.50,2.50
1918,22,2.50,2.50
1919,22,2.50,2.52
1920,22,2.50,2.51
1921,22,2.50,2.50
1922,22,2.50,2.49
1923,22,2.50,2.50
1924,22,2.50,2.50
1925,22,2.50,2.52
1926,22,2.50,2.54
1927,21,2.50,2.54
1928,21,2.50,2.52
1929,22,2.50,2.51
1930,22,2.50,2.50
1931,22,2.50,2.50
1932,22,2.50,2.50
1933,22,2.50,2.51
1934,22,2.50,2.49
1935,22,2.50,2.48
1936,23,2.50,2.48
1937,22,2.50,2.49
1938,22,2.50,2.50
1939,22,2.50,2.54
1940,21,2.50,2.53
1941,21,2.50,2.52
1942,22,2.50,2.50
1943,22,2.50,2.50
1944,22,2.50,2.49
1945,22,2.50,2.50
1946,22,2.50,2.50
1947,22,2.50,2.49
1948,22,2.50,2.48
1949,23,2.50,2.47
1950,23,2.50,2.48
1951,23,2.50,2.49
1952,22,2.50,2.52
1953,22,2.50,2.52
1954,22,2.50,2.51
1955,22,2.50,2.50
1956,22,2.50,2.49
1957,22,2.50,2.48
1958,22,2.50,2.48
1959,22,2.50,2.50
1960,22,2.50,2.49
1961,22,2.50,2.48
1962,23,2.50,2.48
1963,23,2.50,2.48
1964,22,2.50,2.50
1965,22,2.50,2.52
1966,22,2.50,2.55
1967,21,2.50,2.53
1968,21,2.50,2.52
1969,22,2.50,2.50
1970,22,2.50,2.50
1971,22,2.50,2.50
1972,22,2.50,2.52
1973,22,2.50,2.51
1974,22,2.50,2.49
1975,22,2.50,2.49
1976,22,2.50,2.50
1977,22,2.50,2.51
1978,22,2.50,2.53
1979,21,2.50,2.55
1980,21,2.50,2.54
1981,21,2.50,2.52
1982,21,2.50,2.52
1983,22,2.50,2.51
1984,22,2.50,2.50
1985,22,2.50,2.52
1986,21,2.50,2.52
1987,21,2.50,2.50
1988,22,2.50,2.50
1989,22,2.50,2.50
1990,22,2.50,2.51
1991,22,2.50,2.52
1992,21,2.50,2.55
1993,21,2.50,2.54
1994,21,2.50,2.52
1995,22,2.50,2.51
1996,22,2.50,2.50
1997,22,2.50,2.50
1998,22,2.50,2.50
1999,22,2.50,2.51
2000,5,1.80,2.48
2001,6,1.80,2.48
2002,6,1.80,2.48
2003,5,1.80,2.48
2004,5,1.80,2.49
2005,5,1.80,2.52
2006,4,1.80,2.51
2007,4,1.80,2.49
2008,4,1.80,2.46
2009,4,1.80,2.45
2010,5,1.80,2.45
2011,4,1.80,2.45
2012,4,1.80,2.46
2013,4,1.80,2.45
2014,4,1.80,2.41
2015,4,1.80,2.39
2016,5,1.80,2.39
2017,5,1.80,2.39
2018,4,1.80,2.42
2019,4,1.80,2.44
2020,3,1.80,2.43
2021,3,1.80,2.39
2022,4,1.80,2.36
2023,4,1.80,2.34
2024,4,1.80,2.33
2025,5,1.80,2.34
2026,4,1.80,2.35
2027,4,1.80,2.33
2028,4,1.80,2.29
2029,5,1.80,2.25
2030,5,1.80,2.23
2031,6,1.80,2.24
2032,6,1.80,2.26
2033,5,1.80,2.26
2034,5,1.80,2.25
2035,5,1.80,2.23
2036,5,1.80,2.19
2037,6,1.80,2.16
2038,6,1.80,2.15
2039,7,1.80,2.15
2040,6,1.80,2.15
2041,6,1.80,2.14
2042,7,1.80,2.12
2043,7,1.80,2.10
2044,7,1.80,2.08
2045,8,1.80,2.07
2046,8,1.80,2.06
2047,8,1.80,2.04
2048,8,1.80,2.01
2049,9,1.80,1.99
2050,9,1.80,1.98
2051,9,1.80,1.97
2052,10,1.80,1.96
2053,10,1.80,1.97
2054,10,1.80,1.95
2055,10,1.80,1.92
2056,11,1.80,1.90
2057,11,1.80,1.88
2058,12,1.80,1.86
2059,12,1.80,1.85
2060,12,1.80,1.86
2061,12,1.80,1.88
2062,11,1.80,1.87
2063,12,1.80,1.85
2064,12,1.80,1.82
2065,13,1.80,1.78
2066,14,1.80,1.75
2067,14,1.80,1.74
2068,15,1.80,1.74
2069,15,1.80,1.75
2070,14,1.80,1.75
2071,14,1.80,1.75
2072,14,1.80,1.75
2073,15,1.80,1.74
2074,15,1.80,1.71
2075,15,1.80,1.69
2076,16,1.80,1.68
2077,16,1.80,1.69
2078,16,1.80,1.70
2079,16,1.80,1.70
2080,16,1.80,1.70
2081,16,1.80,1.69
2082,16,1.80,1.68
2083,16,1.80,1.66
2084,17,1.80,1.64
2085,17,1.80,1.61
2086,18,1.80,1.60
2087,18,1.80,1.61
2088,18,1.80,1.62
2089,18,1.80,1.62
2090,18,1.80,1.63
2091,18,1.80,1.63
2092,18,1.80,1.63
2093,18,1.80,1.62
2094,18,1.80,1.62
2095,18,1.80,1.61
2096,19,1.80,1.61
2097,19,1.80,1.61
2098,19,1.80,1.62
2099,19,1.80,1.62
2100,19,1.80,1.62
2101,19,1.80,1.61
2102,19,1.80,1.61
2103,19,1.80,1.60
2104,19,1.80,1.59
2105,20,1.80,1.57
2106,20,1.80,1.57
2107,20,1.80,1.57
2108,20,1.80,1.57
2109,20,1.80,1.57
2110,20,1.80,1.58
2111,20,1.80,1.59
2112,20,1.80,1.59
2113,20,1.80,1.60
2114,20,1.80,1.60
2115,20,1.80,1.60
2116,20,1.80,1.60
2117,20,1.80,1.61
2118,20,1.80,1.61
2119,20,1.80,1.63
2120,20,1.80,1.63
2121,20,1.80,1.63
2122,20,1.80,1.63
2123,20,1.80,1.63
2124,20,1.80,1.62
2125,20,1.80,1.61
2126,21,1.80,1.59
2127,21,1.80,1.59
2128,21,1.80,1.61
2129,21,1.80,1.63
2130,21,1.80,1.63
2131,20,1.80,1.65
2132,20,1.80,1.65
2133,20,1.80,1.66
2134,20,1.80,1.66
2135,20,1.80,1.66
2136,20,1.80,1.65
2137,20,1.80,1.66
2138,20,1.80,1.68
2139,20,1.80,1.69
2140,19,1.80,1.70
2141,19,1.80,1.70
2142,19,1.80,1.70
2143,19,1.80,1.70
2144,19,1.80,1.69
2145,20,1.80,1.68
2146,20,1.80,1.66
2147,20,1.80,1.66
2148,20,1.80,1.68
2149,20,1.80,1.70
2150,20,1.80,1.72
2151,19,1.80,1.72
2152,19,1.80,1.73
2153,19,1.80,1.74
2154,19,1.80,1.73
2155,19,1.80,1.72
2156,19,1.80,1.71
2157,20,1.80,1.72
2158,19,1.80,1.74
2159,19,1.80,1.75
2160,19,1.80,1.77
2161,18,1.80,1.77
2162,18,1.80,1.76
2163,18,1.80,1.75
2164,19,1.80,1.72
2165,19,1.80,1.70
2166,20,1.80,1.70
2167,20,1.80,1.71
2168,20,1.80,1.73
2169,19,1.80,1.74
2170,19,1.80,1.75
2171,19,1.80,1.76
2172,19,1.80,1.77
2173,19,1.80,1.75
2174,19,1.80,1.74
2175,19,1.80,1.73
2176,19,1.80,1.73
2177,19,1.80,1.75
2178,19,1.80,1.77
2179,19,1.80,1.78
2180,18,1.80,1.78
2181,18,1.80,1.78
2182,18,1.80,1.76
2183,19,1.80,1.74
2184,19,1.80,1.72
2185,20,1.80,1.72
2186,20,1.80,1.72
2187,20,1.80,1.74
2188,19,1.80,1.77
2189,19,1.80,1.78
2190,18,1.80,1.79
2191,18,1.80,1.78
2192,18,1.80,1.77
2193,19,1.80,1.75
2194,19,1.80,1.75
2195,19,1.80,1.75
2196,19,1.80,1.77
2197,19,1.80,1.79
2198,18,1.80,1.81
2199,18,1.80,1.81
2200,18,1.80,1.80
2201,18,1.80,1.77
2202,19,1.80,1.75
2203,19,1.80,1.74
2204,20,1.80,1.73
2205,20,1.80,1.74
2206,20,1.80,1.77
2207,19,1.80,1.79
2208,19,1.80,1.79
2209,18,1.80,1.80
2210,18,1.80,1.79
2211,18,1.80,1.78
2212,19,1.80,1.76
2213,19,1.80,1.75
2214,19,1.80,1.77
2215,19,1.80,1.79
2216,18,1.80,1.81
2217,18,1.80,1.82
2218,18,1.80,1.81
2219,18,1.80,1.79
2220,18,1.80,1.77
2221,19,1.80,1.75
2222,19,1.80,1.74
2223,20,1.80,1.74
2224,20,1.80,1.75
2225,19,1.80,1.78
2226,19,1.80,1.79
2227,18,1.80,1.80
2228,18,1.80,1.80
2229,18,1.80,1.79
2230,19,1.80,1.76
2231,19,1.80,1.75
2232,19,1.80,1.75
2233,19,1.80,1.77
2234,19,1.80,1.79
2235,19,1.80,1.81
2236,18,1.80,1.81
2237,18,1.80,1.81
2238,18,1.80,1.79
2239,19,1.80,1.76
2240,19,1.80,1.74
2241,20,1.80,1.74
2242,20,1.80,1.75
2243,20,1.80,1.77
2244,19,1.80,1.79
2245,19,1.80,1.81
2246,18,1.80,1.81
2247,18,1.80,1.80
2248,18,1.80,1.79
2249,19,1.80,1.77
2250,19,1.80,1.77
2251,19,1.80,1.78
2252,19,1.80,1.80
2253,18,1.80,1.82
2254,18,1.80,1.83
2255,18,1.80,1.83
2256,18,1.80,1.81
2257,18,1.80,1.79
2258,19,1.80,1.77
2259,19,1.80,1.76
2260,19,1.80,1.76
2261,19,1.80,1.78
2262,19,1.80,1.81
2263,18,1.80,1.83
2264,18,1.80,1.83
2265,18,1.80,1.83
2266,18,1.80,1.81
2267,18,1.80,1.79
2268,19,1.80,1.79
2269,19,1.80,1.79
2270,19,1.80,1.81
2271,18,1.80,1.83
2272,18,1.80,1.85
2273,17,1.80,1.85
2274,17,1.80,1.83
2275,18,1.80,1.81
2276,18,1.80,1.78
2277,19,1.80,1.76
2278,19,1.80,1.75
2279,20,1.80,1.76
2280,19,1.80,1.79
2281,19,1.80,1.81
2282,18,1.80,1.81
2283,18,1.80,1.82
2284,18,1.80,1.81
2285,18,1.80,1.79
2286,19,1.80,1.77
2287,19,1.80,1.77
2288,19,1.80,1.77
2289,19,1.80,1.79
2290,19,1.80,1.81
2291,18,1.80,1.82
2292,18,1.80,1.81
2293,18,1.80,1.79
2294,19,1.80,1.77
2295,19,1.80,1.75
2296,20,1.80,1.74
2297,20,1.80,1.75
2298,20,1.80,1.77
2299,19,1.80,1.79
2300,19,1.80,1.81
2301,18,1.80,1.81
2302,18,1.80,1.81
2303,18,1.80,1.79
2304,19,1.80,1.77
2305,19,1.80,1.77
2306,19,1.80,1.77
2307,19,1.80,1.79
2308,19,1.80,1.82
2309,18,1.80,1.83
2310,18,1.80,1.83
2311,18,1.80,1.82
2312,18,1.80,1.80
2313,19,1.80,1.77
2314,19,1.80,1.76
2315,19,1.80,1.76
2316,19,1.80,1.77
2317,19,1.80,1.80
2318,19,1.80,1.82
2319,18,1.80,1.83
2320,18,1.80,1.83
2321,18,1.80,1.81
2322,18,1.80,1.79
2323,19,1.80,1.79
2324,19,1.80,1.79
2325,19,1.80,1.81
2326,18,1.80,1.82
2327,18,1.80,1.84
2328,18,1.80,1.85
2329,18,1.80,1.83
2330,18,1.80,1.81
2331,18,1.80,1.77
2332,19,1.80,1.75
2333,20,1.80,1.75
2334,20,1.80,1.75
2335,20,1.80,1.78
2336,19,1.80,1.81
2337,18,1.80,1.81
2338,18,1.80,1.82
2339,18,1.80,1.81
2340,18,1.80,1.79
2341,19,1.80,1.77
2342,19,1.80,1.77
2343,19,1.80,1.77
2344,19,1.80,1.79
2345,19,1.80,1.81
2346,18,1.80,1.83
2347,18,1.80,1.82
2348,18,1.80,1.80
2349,19,1.80,1.78
2350,19,1.80,1.76
2351,19,1.80,1.75
2352,20,1.80,1.75
2353,20,1.80,1.77
2354,19,1.80,1.79
2355,19,1.80,1.81
2356,18,1.80,1.82
2357,18,1.80,1.81
2358,18,1.80,1.79
2359,19,1.80,1.77
2360,19,1.80,1.77
2361,19,1.80,1.77
2362,19,1.80,1.79
2363,19,1.80,1.82
2364,18,1.80,1.83
2365,18,1.80,1.83
2366,18,1.80,1.83
2367,18,1.80,1.81
2368,18,1.80,1.78
2369,19,1.80,1.77
2370,19,1.80,1.76
2371,20,1.80,1.77
2372,19,1.80,1.80
2373,19,1.80,1.82
2374,18,1.80,1.83
2375,18,1.80,1.83
2376,18,1.80,1.81
2377,18,1.80,1.80
2378,19,1.80,1.79
2379,19,1.80,1.79
2380,19,1.80,1.81
2381,18,1.80,1.83
2382,18,1.80,1.84
2383,18,1.80,1.85
2384,18,1.80,1.84
2385,18,1.80,1.81
2386,18,1.80,1.78
2387,19,1.80,1.76
2388,19,1.80,1.75
2389,20,1.80,1.76
2390,20,1.80,1.78
2391,19,1.80,1.81
2392,18,1.80,1.82
2393,18,1.80,1.83
2394,18,1.80,1.81
2395,18,1.80,1.79
2396,19,1.80,1.78
2397,19,1.80,1.77
2398,19,1.80,1.78
2399,19,1.80,1.80
2400,19,1.80,1.82
2401,18,1.80,1.83
2402,18,1.80,1.83
2403,18,1.80,1.81
2404,18,1.80,1.78
2405,19,1.80,1.76
2406,20,1.80,1.75
2407,20,1.80,1.75
2408,20,1.80,1.78
2409,19,1.80,1.80
2410,19,1.80,1.82
2411,18,1.80,1.83
2412,18,1.80,1.82
2413,18,1.80,1.80
2414,19,1.80,1.78
2415,19,1.80,1.77
2416,19,1.80,1.78
2417,19,1.80,1.80
2418,19,1.80,1.83
2419,18,1.80,1.84
2420,18,1.80,1.84
2421,18,1.80,1.83
2422,18,1.80,1.81
2423,18,1.80,1.79
2424,19,1.80,1.77
2425,19,1.80,1.77
2426,19,1.80,1.78
2427,19,1.80,1.81
2428,18,1.80,1.83
2429,18,1.80,1.84
2430,18,1.80,1.84
2431,18,1.80,1.83
2432,18,1.80,1.81
2433,18,1.80,1.79
2434,19,1.80,1.79
2435,19,1.80,1.81
2436,18,1.80,1.83
2437,18,1.80,1.85
2438,18,1.80,1.85
2439,17,1.80,1.85
2440,18,1.80,1.82
2441,18,1.80,1.79
2442,19,1.80,1.77
2443,19,1.80,1.76
2444,19,1.80,1.77
2445,19,1.80,1.79
2446,19,1.80,1.81
2447,18,1.80,1.83
2448,18,1.80,1.83
2449,18,1.80,1.82
2450,18,1.80,1.79
2451,19,1.80,1.78
2452,19,1.80,1.78
2453,19,1.80,1.79
2454,19,1.80,1.81
2455,18,1.80,1.82
2456,18,1.80,1.83
2457,18,1.80,1.83
2458,18,1.80,1.81
2459,18,1.80,1.78
2460,19,1.80,1.76
2461,19,1.80,1.75
2462,20,1.80,1.76
2463,19,1.80,1.78
2464,19,1.80,1.80
2465,19,1.80,1.82
2466,18,1.80,1.82
2467,18,1.80,1.82
2468,18,1.80,1.80
2469,19,1.80,1.78
2470,19,1.80,1.77
2471,19,1.80,1.78
2472,19,1.80,1.80
2473,19,1.80,1.83
2474,18,1.80,1.84
2475,18,1.80,1.84
2476,18,1.80,1.83
2477,18,1.80,1.81
2478,18,1.80,1.79
2479,19,1.80,1.77
2480,19,1.80,1.77
2481,19,1.80,1.78
2482,19,1.80,1.81
2483,18,1.80,1.83
2484,18,1.80,1.84
2485,18,1.80,1.84
2486,18,1.80,1.82
2487,18,1.80,1.80
2488,19,1.80,1.79
2489,19,1.80,1.79
2490,19,1.80,1.81
2491,18,1.80,1.83
2492,18,1.80,1.85
2493,17,1.80,1.85
2494,17,1.80,1.84
2495,18,1.80,1.81
2496,18,1.80,1.78
2497,19,1.80,1.76
2498,19,1.80,1.75
2499,20,1.80,1.77
2500,19,0.00,1.79
2501,0,0.00,1.81
2502,0,0.00,1.82
2503,0,0.00,1.82
2504,0,0.00,1.81
2505,0,0.00,1.79
2506,0,0.00,1.77
2507,0,0.00,1.76
2508,0,0.00,1.77
2509,0,0.00,1.78
2510,0,0.00,1.79
2511,0,0.00,1.80
2512,0,0.00,1.79
2513,0,0.00,1.77
2514,0,0.00,1.74
2515,0,0.00,1.72
2516,0,0.00,1.69
2517,0,0.00,1.68
2518,0,0.00,1.69
2519,0,0.00,1.70
2520,0,0.00,1.70
2521,0,0.00,1.70
2522,0,0.00,1.70
2523,0,0.00,1.68
2524,0,0.00,1.67
2525,0,0.00,1.65
2526,0,0.00,1.63
2527,0,0.00,1.63
2528,0,0.00,1.63
2529,0,0.00,1.63
2530,0,0.00,1.61
2531,0,0.00,1.59
2532,0,0.00,1.57
2533,0,0.00,1.55
2534,0,0.00,1.53
2535,0,0.00,1.51
2536,0,0.00,1.50
2537,0,0.00,1.49
2538,0,0.00,1.47
2539,0,0.00,1.45
2540,0,0.00,1.43
2541,0,0.00,1.41
2542,0,0.00,1.38
2543,0,0.00,1.37
2544,0,0.00,1.35
2545,0,0.00,1.35
2546,0,0.00,1.35
2547,0,0.00,1.35
2548,0,0.00,1.35
2549,0,0.00,1.34
2550,0,0.00,1.32
2551,0,0.00,1.30
2552,0,0.00,1.27
2553,0,0.00,1.25
2554,0,0.00,1.21
2555,0,0.00,1.19
2556,0,0.00,1.17
2557,0,0.00,1.15
2558,0,0.00,1.15
2559,0,0.00,1.14
2560,0,0.00,1.14
2561,0,0.00,1.12
2562,0,0.00,1.10
2563,0,0.00,1.09
2564,0,0.00,1.07
2565,0,0.00,1.06
2566,0,0.00,1.04
2567,0,0.00,1.02
2568,0,0.00,1.01
2569,0,0.00,1.00
2570,0,0.00,0.99
2571,0,0.00,0.97
2572,0,0.00,0.96
2573,0,0.00,0.94
2574,0,0.00,0.92
2575,0,0.00,0.90
2576,0,0.00,0.87
2577,0,0.00,0.85
2578,0,0.00,0.83
2579,0,0.00,0.80
2580,0,0.00,0.78
2581,0,0.00,0.76
2582,0,0.00,0.75
2583,0,0.00,0.73
2584,0,0.00,0.72
2585,0,0.00,0.71
2586,0,0.00,0.70
2587,0,0.00,0.70
2588,0,0.00,0.68
2589,0,0.00,0.67
2590,0,0.00,0.66
2591,0,0.00,0.64
2592,0,0.00,0.63
2593,0,0.00,0.61
2594,0,0.00,0.59
2595,0,0.00,0.57
2596,0,0.00,0.56
2597,0,0.00,0.55
2598,0,0.00,0.53
2599,0,0.00,0.52
2600,0,0.00,0.50
2601,0,0.00,0.49
2602,0,0.00,0.48
2603,0,0.00,0.47
2604,0,0.00,0.46
2605,0,0.00,0.45
2606,0,0.00,0.44
2607,0,0.00,0.43
2608,0,0.00,0.42
2609,0,0.00,0.41
2610,0,0.00,0.39
2611,0,0.00,0.38
2612,0,0.00,0.36
2613,0,0.00,0.35
2614,0,0.00,0.33
2615,0,0.00,0.32
2616,0,0.00,0.30
2617,0,0.00,0.28
2618,0,0.00,0.26
2619,0,0.00,0.25
2620,0,0.00,0.23
2621,0,0.00,0.21
2622,0,0.00,0.20
2623,0,0.00,0.19
2624,0,0.00,0.17
2625,0,0.00,0.16
2626,0,0.00,0.15
2627,0,0.00,0.14
2628,0,0.00,0.12
2629,0,0.00,0.11
2630,0,0.00,0.10
2631,0,0.00,0.09
2632,0,0.00,0.08
2633,0,0.00,0.08
2634,0,0.00,0.06
2635,0,0.00,0.06
2636,0,0.00,0.05
2637,0,0.00,0.05
2638,0,0.00,0.04
2639,0,0.00,0.03
2640,0,0.00,0.03
2641,0,0.00,0.03
2642,0,0.00,0.03
2643,0,0.00,0.02
2644,0,0.00,0.02
2645,0,0.00,0.01
2646,0,0.00,0.01
2647,0,0.00,0.01
2648,0,0.00,0.01
2649,0,0.00,0.01
2650,0,0.00,0.01
2651,0,0.00,0.01
2652,0,0.00,0.01
2653,0,0.00,0.01
2654,0,0.00,0.01
2655,0,0.00,0.01
2656,0,0.00,0.01
2657,0,0.00,0.01
2658,0,0.00,0.01
2659,0,0.00,0.01
2660,0,0.00,0.01
2661,0,0.00,0.01
2662,0,0.00,0.01
2663,0,0.00,0.01
2664,0,0.00,0.01
2665,0,0.00,0.01
2666,0,0.00,0.01
2667,0,0.00,0.01
2668,0,0.00,0.01
2669,0,0.00,0.01
2670,0,0.00,0.01
2671,0,0.00,0.01
2672,0,0.00,0.01
2673,0,0.00,0.01
2674,0,0.00,0.01
2675,0,0.00,0.01
2676,0,0.00,0.01
2677,0,0.00,0.01
2678,0,0.00,0.01
2679,0,0.00,0.01
2680,0,0.00,0.01
2681,0,0.00,0.01
2682,0,0.00,0.01
2683,0,0.00,0.01
2684,0,0.00,0.01
2685,0,0.00,0.01
2686,0,0.00,0.01
2687,0,0.00,0.01
2688,0,0.00,0.01
2689,0,0.00,0.01
2690,0,0.00,0.01
2691,0,0.00,0.01
2692,0,0.00,0.01
2693,0,0.00,0.01
2694,0,0.00,0.01
2695,0,0.00,0.01
2696,0,0.00,0.01
2697,0,0.00,0.01
2698,0,0.00,0.01
2699,0,0.00,0.01
2700,0,0.00,0.01
2701,0,0.00,0.01
2702,0,0.00,0.01
2703,0,0.00,0.01
2704,0,0.00,0.01
2705,0,0.00,0.01
2706,0,0.00,0.01
2707,0,0.00,0.01
2708,0,0.00,0.01
2709,0,0.00,0.01
2710,0,0.00,0.01
2711,0,0.00,0.01
2712,0,0.00,0.01
2713,0,0.00,0.01
2714,0,0.00,0.01
2715,0,0.00,0.01
2716,0,0.00,0.01
2717,0,0.00,0.01
2718,0,0.00,0.01
2719,0,0.00,0.01
2720,0,0.00,0.01
2721,0,0.00,0.01
2722,0,0.00,0.01
2723,0,0.00,0.01
2724,0,0.00,0.01
2725,0,0.00,0.01
2726,0,0.00,0.01
2727,0,0.00,0.01
2728,0,0.00,0.01
2729,0,0.00,0.01
2730,0,0.00,0.01
2731,0,0.00,0.01
2732,0,0.00,0.01
2733,0,0.00,0.01
2734,0,0.00,0.01
2735,0,0.00,0.01
2736,0,0.00,0.01
2737,0,0.00,0.01
2738,0,0.00,0.01
2739,0,0.00,0.01
2740,0,0.00,0.01
2741,0,0.00,0.01
2742,0,0.00,0.01
2743,0,0.00,0.01
2744,0,0.00,0.01
2745,0,0.00,0.01
2746,0,0.00,0.01
2747,0,0.00,0.01
2748,0,0.00,0.01
2749,0,0.00,0.01
2750,0,0.00,0.01
2751,0,0.00,0.01
2752,0,0.00,0.01
2753,0,0.00,0.01
2754,0,0.00,0.01
2755,0,0.00,0.01
2756,0,0.00,0.01
2757,0,0.00,0.01
2758,0,0.00,0.01
2759,0,0.00,0.01
2760,0,0.00,0.01
2761,0,0.00,0.01
2762,0,0.00,0.01
2763,0,0.00,0.01
2764,0,0.00,0.01
2765,0,0.00,0.01
2766,0,0.00,0.01
2767,0,0.00,0.01
2768,0,0.00,0.01
2769,0,0.00,0.01
2770,0,0.00,0.01
2771,0,0.00,0.01
2772,0,0.00,0.01
2773,0,0.00,0.01
2774,0,0.00,0.01
2775,0,0.00,0.01
2776,0,0.00,0.01
2777,0,0.00,0.01
2778,0,0.00,0.01
2779,0,0.00,0.01
2780,0,0.00,0.01
2781,0,0.00,0.01
2782,0,0.00,0.01
2783,0,0.00,0.01
2784,0,0.00,0.01
2785,0,0.00,0.01
2786,0,0.00,0.01
2787,0,0.00,0.01
2788,0,0.00,0.01
2789,0,0.00,0.01
2790,0,0.00,0.01
2791,0,0.00,0.01
2792,0,0.00,0.01
2793,0,0.00,0.01
2794,0,0.00,0.01
2795,0,0.00,0.01
2796,0,0.00,0.01
2797,0,0.00,0.01
2798,0,0.00,0.01
2799,0,0.00,0.01
2800,0,0.00,0.01
2801,0,0.00,0.01
2802,0,0.00,0.01
2803,0,0.00,0.01
2804,0,0.00,0.01
2805,0,0.00,0.01
2806,0,0.00,0.01
2807,0,0.00,0.01
2808,0,0.00,0.01
2809,0,0.00,0.01
2810,0,0.00,0.01
2811,0,0.00,0.01
2812,0,0.00,0.01
2813,0,0.00,0.01
2814,0,0.00,0.01
2815,0,0.00,0.01
2816,0,0.00,0.01
2817,0,0.00,0.01
2818,0,0.00,0.01
2819,0,0.00,0.01
2820,0,0.00,0.01
2821,0,0.00,0.01
2822,0,0.00,0.01
2823,0,0.00,0.01
2824,0,0.00,0.01
2825,0,0.00,0.01
2826,0,0.00,0.01
2827,0,0.00,0.01
2828,0,0.00,0.01
2829,0,0.00,0.01
2830,0,0.00,0.01
2831,0,0.00,0.01
2832,0,0.00,0.01
2833,0,0.00,0.01
2834,0,0.00,0.01
2835,0,0.00,0.01
2836,0,0.00,0.01
2837,0,0.00,0.01
2838,0,0.00,0.01
2839,0,0.00,0.01
2840,0,0.00,0.01
2841,0,0.00,0.01
2842,0,0.00,0.01
2843,0,0.00,0.01
2844,0,0.00,0.01
2845,0,0.00,0.01
2846,0,0.00,0.01
2847,0,0.00,0.01
2848,0,0.00,0.01
2849,0,0.00,0.01
2850,0,0.00,0.01
2851,0,0.00,0.01
2852,0,0.00,0.01
2853,0,0.00,0.01
2854,0,0.00,0.01
2855,0,0.00,0.01
2856,0,0.00,0.01
2857,0,0.00,0.01
2858,0,0.00,0.01
2859,0,0.00,0.01
2860,0,0.00,0.01
2861,0,0.00,0.01
2862,0,0.00,0.01
2863,0,0.00,0.01
2864,0,0.00,0.01
2865,0,0.00,0.01
2866,0,0.00,0.01
2867,0,0.00,0.01
2868,0,0.00,0.01
2869,0,0.00,0.01
2870,0,0.00,0.01
2871,0,0.00,0.01
2872,0,0.00,0.01
2873,0,0.00,0.01
2874,0,0.00,0.01
2875,0,0.00,0.01
2876,0,0.00,0.01
2877,0,0.00,0.01
2878,0,0.00,0.01
2879,0,0.00,0.01
2880,0,0.00,0.01
2881,0,0.00,0.01
2882,0,0.00,0.01
2883,0,0.00,0.01
2884,0,0.00,0.01
2885,0,0.00,0.01
2886,0,0.00,0.01
2887,0,0.00,0.01
2888,0,0.00,0.01
2889,0,0.00,0.01
2890,0,0.00,0.01
2891,0,0.00,0.01
2892,0,0.00,0.01
2893,0,0.00,0.01
2894,0,0.00,0.01
2895,0,0.00,0.01
2896,0,0.00,0.01
2897,0,0.00,0.01
2898,0,0.00,0.01
2899,0,0.00,0.01
2900,0,0.00,0.01
2901,0,0.00,0.01
2902,0,0.00,0.01
2903,0,0.00,0.01
2904,0,0.00,0.01
2905,0,0.00,0.01
2906,0,0.00,0.01
2907,0,0.00,0.01
2908,0,0.00,0.01
2909,0,0.00,0.01
2910,0,0.00,0.01
2911,0,0.00,0.01
2912,0,0.00,0.01
2913,0,0.00,0.01
2914,0,0.00,0.01
2915,0,0.00,0.01
2916,0,0.00,0.01
2917,0,0.00,0.01
2918,0,0.00,0.01
2919,0,0.00,0.01
2920,0,0.00,0.01
2921,0,0.00,0.01
2922,0,0.00,0.01
2923,0,0.00,0.01
2924,0,0.00,0.01
2925,0,0.00,0.01
2926,0,0.00,0.01
2927,0,0.00,0.01
2928,0,0.00,0.01
2929,0,0.00,0.01
2930,0,0.00,0.01
2931,0,0.00,0.01
2932,0,0.00,0.01
2933,0,0.00,0.01
2934,0,0.00,0.01
2935,0,0.00,0.01
2936,0,0.00,0.01
2937,0,0.00,0.01
2938,0,0.00,0.01
2939,0,0.00,0.01
2940,0,0.00,0.01
2941,0,0.00,0.01
2942,0,0.00,0.01
2943,0,0.00,0.01
2944,0,0.00,0.01
2945,0,0.00,0.01
2946,0,0.00,0.01
2947,0,0.00,0.01
2948,0,0.00,0.01
2949,0,0.00,0.01
2950,0,0.00,0.01
2951,0,0.00,0.01
2952,0,0.00,0.01
2953,0,0.00,0.01
2954,0,0.00,0.01
2955,0,0.00,0.01
2956,0,0.00,0.01
2957,0,0.00,0.01
2958,0,0.00,0.01
2959,0,0.00,0.01
2960,0,0.00,0.01
2961,0,0.00,0.01
2962,0,0.00,0.01
2963,0,0.00,0.01
2964,0,0.00,0.01
2965,0,0.00,0.01
2966,0,0.00,0.01
2967,0,0.00,0.01
2968,0,0.00,0.01
2969,0,0.00,0.01
2970,0,0.00,0.01
2971,0,0.00,0.01
2972,0,0.00,0.01
2973,0,0.00,0.01
2974,0,0.00,0.01
2975,0,0.00,0.01
2976,0,0.00,0.01
2977,0,0.00,0.01
2978,0,0.00,0.01
2979,0,0.00,0.01
2980,0,0.00,0.01
2981,0,0.00,0.01
2982,0,0.00,0.01
2983,0,0.00,0.01
2984,0,0.00,0.01
2985,0,0.00,0.01
2986,0,0.00,0.01
2987,0,0.00,0.01
2988,0,0.00,0.01
2989,0,0.00,0.01
2990,0,0.00,0.01
2991,0,0.00,0.01
2992,0,0.00,0.01
2993,0,0.00,0.01
2994,0,0.00,0.01
2995,0,0.00,0.01
2996,0,0.00,0.01
2997,0,0.00,0.01
2998,0,0.00,0.01
2999,0,0.00,0.01